Flow ID,Src IP,Src Port,Dst IP,Dst Port,Protocol,Timestamp,Flow Duration,Tot Fwd Pkts,Tot Bwd Pkts,TotLen Fwd Pkts,TotLen Bwd Pkts,Fwd Pkt Len Max,Fwd Pkt Len Min,Fwd Pkt Len Mean,Fwd Pkt Len Std,Bwd Pkt Len Max,Bwd Pkt Len Min,Bwd Pkt Len Mean,Bwd Pkt Len Std,Flow Byts/s,Flow Pkts/s,Flow IAT Mean,Flow IAT Std,Flow IAT Max,Flow IAT Min,Fwd IAT Tot,Fwd IAT Mean,Fwd IAT Std,Fwd IAT Max,Fwd IAT Min,Bwd IAT Tot,Bwd IAT Mean,Bwd IAT Std,Bwd IAT Max,Bwd IAT Min,Fwd PSH Flags,Bwd PSH Flags,Fwd URG Flags,Bwd URG Flags,Fwd Header Len,Bwd Header Len,Fwd Pkts/s,Bwd Pkts/s,Pkt Len Min,Pkt Len Max,Pkt Len Mean,Pkt Len Std,Pkt Len Var,FIN Flag Cnt,SYN Flag Cnt,RST Flag Cnt,PSH Flag Cnt,ACK Flag Cnt,URG Flag Cnt,CWE Flag Count,ECE Flag Cnt,Down/Up Ratio,Pkt Size Avg,Fwd Seg Size Avg,Bwd Seg Size Avg,Fwd Byts/b Avg,Fwd Pkts/b Avg,Fwd Blk Rate Avg,Bwd Byts/b Avg,Bwd Pkts/b Avg,Bwd Blk Rate Avg,Subflow Fwd Pkts,Subflow Fwd Byts,Subflow Bwd Pkts,Subflow Bwd Byts,Init Fwd Win Byts,Init Bwd Win Byts,Fwd Act Data Pkts,Fwd Seg Size Min,Active Mean,Active Std,Active Max,Active Min,Idle Mean,Idle Std,Idle Max,Idle Min,Label
131.202.240.242-131.202.243.255-137-137-17,131.202.240.242,137,131.202.243.255,137,17,29/04/2015 12:43:07 PM,29949121,23,1,1150.0,50.0,50.0,50.0,50.0,0.0,50.0,50.0,50.0,0.0,40.067953914240086,0.8013590782848017,1302135.6956521738,1703124.3530582641,7092466.0,531.0,2.9715372E7,1350698.727272727,1726827.2880140946,7092466.0,531.0,0,0,0,0,0,0,0,0,0,184,8,0.7679691166896017,0.03338996159520007,50.0,50.0,50.0,0.0,0.0,0,0,0,0,0,0,0,0,0.0,52.083333333333336,50.0,50.0,0,0,0,0,0,0,23,1150,1,50,-1,-1,23,0,6061655.5,6416941.00625933,1.0599118E7,1524193.0,6349835.5,1050238.1249319129,7092466.0,5607205.0,No Label
131.202.240.242-178.237.18.202-31773-443-6,131.202.240.242,31773,178.237.18.202,443,6,29/04/2015 12:43:22 PM,172690,0,2,0.0,6.0,0,0,0,0,6.0,0.0,3.0,4.242640687119285,34.744339568012045,11.581446522670682,172690.0,0.0,172690.0,172690.0,0,0,0,0,0,172690.0,172690.0,0.0,172690.0,172690.0,0,1,0,0,0,40,0.0,11.581446522670682,0.0,6.0,4.0,3.4641016151377544,12.0,0,0,0,1,1,0,0,0,0.0,6.0,0.0,3.0,0,0,0,0,0,0,0,0,2,6,-1,16384,0,0,0,0,0,0,0,0,0,0,No Label
131.202.240.242-178.237.19.227-31776-443-6,131.202.240.242,31776,178.237.19.227,443,6,29/04/2015 12:43:21 PM,29999940,1,2,6.0,6.0,6.0,6.0,6.0,0.0,6.0,0.0,3.0,4.242640687119285,0.40000080000160004,0.10000020000040001,1.499997E7,2.096744847379504E7,2.9826195E7,173745.0,0,0,0,0,0,173745.0,173745.0,0.0,173745.0,173745.0,0,1,0,0,20,40,0.03333340000013334,0.06666680000026667,0.0,6.0,4.5,3.0,9.0,0,0,0,1,1,0,0,0,2.0,6.0,6.0,3.0,0,0,0,0,0,0,1,6,2,6,-1,16384,1,0,173745.0,0.0,173745.0,173745.0,2.9826195E7,0.0,2.9826195E7,2.9826195E7,No Label
131.202.240.242-205.188.12.43-31783-443-6,131.202.240.242,31783,205.188.12.43,443,6,29/04/2015 12:43:23 PM,26994452,18,20,828.0,2948.0,202.0,0.0,45.99999999999999,70.44731030643942,382.0,0.0,147.4,111.5915484443626,139.8805947236862,1.407696663003198,729579.7837837837,1428255.7665186918,5425899.0,26.0,2.6935321E7,1584430.6470588236,1802811.1220770238,5449798.0,25487.0,2.6963823E7,1419148.5789473685,1775480.6247384683,5480464.0,34.0,0,1,0,0,360,400,0.666803682475199,0.7408929805279989,0.0,382.0,101.17948717948718,105.53594343930806,11137.83535762483,0,0,0,1,1,0,0,0,1.0,103.84210526315789,46.0,147.4,0,0,0,0,0,0,18,828,20,2948,-1,16384,6,0,8120500.5,1637247.0619746123,9278209.0,6962792.0,5361411.0,91199.80421031616,5425899.0,5296923.0,No Label
131.202.240.242-131.202.240.45-51434-161-17,131.202.240.242,51434,131.202.240.45,161,17,29/04/2015 12:43:31 PM,30825,3,5,237.0,455.0,79.0,79.0,79.0,0.0,94.0,79.0,91.0,6.708203932499369,22449.310624493104,259.529602595296,4403.571428571428,4072.7691585759703,8277.0,48.0,108.0,54.0,8.48528137423857,60.0,48.0,30825.0,7706.25,528.534688234052,8464.0,7257.0,0,0,0,0,24,40,97.323600973236,162.20600162206,79.0,94.0,85.66666666666667,7.905694150420947,62.499999999999986,0,0,0,0,0,0,0,0,1.0,96.375,79.0,91.0,0,0,0,0,0,0,3,237,5,455,-1,-1,3,0,0,0,0,0,0,0,0,0,No Label
8.0.6.4-8.6.0.1-0-0-0,8.6.0.1,0,8.0.6.4,0,0,29/04/2015 12:43:26 PM,1458,1,1,0.0,0.0,0.0,0.0,0.0,0.0,0.0,0.0,0.0,0.0,0.0,1371.7421124828531,1458.0,0.0,1458.0,1458.0,0,0,0,0,0,0,0,0,0,0,0,0,0,0,0,0,685.8710562414266,685.8710562414266,0.0,0.0,0.0,0.0,0.0,0,0,0,0,0,0,0,0,1.0,0.0,0.0,0.0,0,0,0,0,0,0,1,0,1,0,-1,-1,0,0,0,0,0,0,0,0,0,0,No Label
131.202.240.242-131.202.243.255-137-137-17,131.202.240.242,137,131.202.243.255,137,17,29/04/2015 12:43:37 PM,28640401,36,1,1800.0,50.0,50.0,50.0,50.0,0.0,50.0,50.0,50.0,0.0,64.59406765987669,1.2918813531975337,795566.6944444446,1190706.55908769,4584863.0,57.0,2.431666E7,694761.7142857142,1040626.259033404,4584863.0,57.0,0,0,0,0,0,0,0,0,0,288,8,1.2569656409489518,0.034915712248582,50.0,50.0,50.0,0.0,0.0,0,0,0,0,0,0,0,0,0.0,51.351351351351354,50.0,50.0,0,0,0,0,0,0,36,1800,1,50,-1,-1,36,0,0,0,0,0,0,0,0,0,No Label
131.202.240.242-178.237.18.202-31773-443-6,131.202.240.242,31773,178.237.18.202,443,6,29/04/2015 12:43:52 PM,29996843,1,2,6.0,6.0,6.0,6.0,6.0,0.0,6.0,0.0,3.0,4.242640687119285,0.4000420977634213,0.10001052444085533,1.49984215E7,2.0967719295692235E7,2.9824838E7,172005.0,0,0,0,0,0,172005.0,172005.0,0.0,172005.0,172005.0,0,1,0,0,20,40,0.03333684148028511,0.06667368296057022,0.0,6.0,4.5,3.0,9.0,0,0,0,1,1,0,0,0,2.0,6.0,6.0,3.0,0,0,0,0,0,0,1,6,2,6,-1,16384,1,0,172005.0,0.0,172005.0,172005.0,2.9824838E7,0.0,2.9824838E7,2.9824838E7,No Label
131.202.240.242-178.237.19.227-31776-443-6,131.202.240.242,31776,178.237.19.227,443,6,29/04/2015 12:43:52 PM,29824152,1,1,6.0,0.0,6.0,6.0,6.0,0.0,0.0,0.0,0.0,0.0,0.2011792321873896,0.06705974406246319,2.9824152E7,0.0,2.9824152E7,2.9824152E7,0,0,0,0,0,0,0,0,0,0,0,0,0,0,20,20,0.033529872031231596,0.033529872031231596,0.0,6.0,2.0,3.4641016151377544,12.0,0,0,0,0,1,0,0,0,1.0,3.0,6.0,0.0,0,0,0,0,0,0,1,6,1,0,-1,16384,1,0,0,0,0,0,2.9824152E7,0.0,2.9824152E7,2.9824152E7,No Label
131.202.240.242-205.188.12.43-31783-443-6,131.202.240.242,31783,205.188.12.43,443,6,29/04/2015 12:43:55 PM,1108788,2,2,0.0,244.0,0.0,0.0,0.0,0.0,122.0,122.0,122.0,0.0,220.06010166055185,3.6075426501729813,369596.0,586161.6965078834,1046435.0,29673.0,1079115.0,1079115.0,0.0,1079115.0,1079115.0,1076108.0,1076108.0,0.0,1076108.0,1076108.0,0,1,0,0,40,40,1.8037713250864906,1.8037713250864906,0.0,122.0,73.2,66.82215201563027,4465.2,0,0,0,1,1,0,0,0,1.0,91.5,0.0,122.0,0,0,0,0,0,0,2,0,2,244,-1,16384,0,0,0,0,0,0,0,0,0,0,No Label
131.202.240.242-131.202.240.45-51434-161-17,131.202.240.242,51434,131.202.240.45,161,17,29/04/2015 12:44:01 PM,30536,3,5,237.0,455.0,79.0,79.0,79.0,0.0,94.0,79.0,91.0,6.708203932499369,22661.77626408174,261.98585276395073,4362.285714285715,4039.679059623661,8370.0,54.0,110.0,55.0,1.4142135623730951,56.0,54.0,30536.0,7634.0,626.9774052281842,8558.0,7164.0,0,0,0,0,24,40,98.24469478648153,163.74115797746921,79.0,94.0,85.66666666666667,7.905694150420947,62.499999999999986,0,0,0,0,0,0,0,0,1.0,96.375,79.0,91.0,0,0,0,0,0,0,3,237,5,455,-1,-1,3,0,0,0,0,0,0,0,0,0,No Label
131.202.240.242-131.202.6.26-32445-13000-6,131.202.240.242,32445,131.202.6.26,13000,6,29/04/2015 12:44:33 PM,1385501,9,14,1424.0,5707.0,506.0,0.0,158.22222222222223,206.0059330321446,1350.0,0.0,407.6428571428572,534.6953995778067,5146.874668441235,16.60049325117773,62977.318181818184,225544.74738927957,1067172.0,29.0,1384905.0,173113.125,366317.5695339603,1067172.0,962.0,264901.0,20377.0,26847.9003617291,79218.0,82.0,0,0,0,0,180,304,6.495845185243461,10.104648065934272,0.0,1350.0,297.125,441.79104961705497,195179.33152173914,0,1,0,0,0,0,0,0,1.0,310.04347826086956,158.22222222222223,407.64285714285717,0,0,0,0,0,0,9,1424,14,5707,-1,32768,4,0,0,0,0,0,0,0,0,0,No Label
131.202.240.242-131.202.6.26-32445-13000-6,131.202.6.26,13000,131.202.240.242,32445,6,29/04/2015 12:44:34 PM,39,1,1,0.0,0.0,0.0,0.0,0.0,0.0,0.0,0.0,0.0,0.0,0.0,51282.05128205128,39.0,0.0,39.0,39.0,0,0,0,0,0,0,0,0,0,0,0,0,0,0,20,20,25641.02564102564,25641.02564102564,0.0,0.0,0.0,0.0,0.0,0,0,0,0,1,0,0,0,1.0,0.0,0.0,0.0,0,0,0,0,0,0,1,0,1,0,-1,32768,0,0,0,0,0,0,0,0,0,0,No Label
8.0.6.4-8.6.0.1-0-0-0,8.6.0.1,0,8.0.6.4,0,0,29/04/2015 12:44:05 PM,20994992,2,1,0.0,0.0,0.0,0.0,0.0,0.0,0.0,0.0,0.0,0.0,0.0,0.14289121901070503,1.0497496E7,1.4844138508170893E7,2.0993887E7,1105.0,1105.0,1105.0,0.0,1105.0,1105.0,0,0,0,0,0,0,0,0,0,0,0,0.09526081267380335,0.04763040633690167,0.0,0.0,0.0,0.0,0.0,0,0,0,0,0,0,0,0,0.0,0.0,0.0,0.0,0,0,0,0,0,0,2,0,1,0,-1,-1,0,0,0,0,0,0,2.0993887E7,0.0,2.0993887E7,2.0993887E7,No Label
131.202.240.242-131.202.243.255-137-137-17,131.202.240.242,137,131.202.243.255,137,17,29/04/2015 12:44:09 PM,29889322,36,1,1800.0,50.0,50.0,50.0,50.0,0.0,50.0,50.0,50.0,0.0,61.89501387820038,1.2379002775640076,830258.9444444445,1634513.98679527,8641435.0,67.0,2.96864E7,848182.8571428572,1654783.2902505097,8641435.0,67.0,0,0,0,0,0,0,0,0,0,288,8,1.204443513305521,0.03345676425848669,50.0,50.0,50.0,0.0,0.0,0,0,0,0,0,0,0,0,0.0,51.351351351351354,50.0,50.0,0,0,0,0,0,0,36,1800,1,50,-1,-1,36,0,4177421.5,3784330.1340000057,6853347.0,1501496.0,6848498.5,2535595.114773749,8641435.0,5055562.0,No Label
131.202.240.242-38.124.168.125-32446-80-6,131.202.240.242,32446,38.124.168.125,80,6,29/04/2015 12:44:34 PM,6880101,39,33,3873.0,28494.0,246.0,0.0,99.30769230769232,114.63676131387528,1350.0,0.0,863.4545454545456,490.3393653193859,4704.436751727918,10.464962650984338,96902.83098591547,263126.6806837663,2021997.0,10.0,6785995.0,178578.81578947368,344399.03268971853,2021997.0,48.0,6840021.0,213750.65624999997,418681.2496784366,2170725.0,14.0,0,0,0,0,780,684,5.668521435949851,4.796441215034489,0.0,1350.0,443.3835616438357,511.3995402090497,261529.48972602742,0,1,0,0,0,0,0,0,0.0,449.5416666666667,99.3076923076923,863.4545454545455,0,0,0,0,0,0,39,3873,33,28494,-1,1033,17,0,0,0,0,0,0,0,0,0,No Label
131.202.240.242-38.124.168.125-32446-80-6,38.124.168.125,80,131.202.240.242,32446,6,29/04/2015 12:44:41 PM,20,1,1,0.0,0.0,0.0,0.0,0.0,0.0,0.0,0.0,0.0,0.0,0.0,99999.99999999999,20.0,0.0,20.0,20.0,0,0,0,0,0,0,0,0,0,0,0,0,0,0,20,20,49999.99999999999,49999.99999999999,0.0,0.0,0.0,0.0,0.0,0,0,0,0,1,0,0,0,1.0,0.0,0.0,0.0,0,0,0,0,0,0,1,0,1,0,-1,1033,0,0,0,0,0,0,0,0,0,0,No Label
131.202.240.242-205.188.12.43-31783-443-6,131.202.240.242,31783,205.188.12.43,443,6,29/04/2015 12:44:26 PM,29889452,21,21,1746.0,2498.0,186.0,0.0,83.14285714285714,76.94562087233146,394.0,0.0,118.95238095238096,121.50328233857559,141.98988994512177,1.4051779872043155,729011.0243902439,1637783.0079603111,6930228.0,66.0,2.9868393E7,1493419.6500000001,2135522.348082358,6930228.0,12427.0,2.9874849E7,1493742.45,2143254.4345580842,7007302.0,222.0,0,1,0,0,420,420,0.7025889936021578,0.7025889936021578,0.0,394.0,107.86046511627907,110.29863820670998,12165.789590254704,0,0,0,1,1,0,0,0,1.0,110.42857142857143,83.14285714285714,118.95238095238095,0,0,0,0,0,0,21,1746,21,2498,-1,16384,12,0,3981218.0,5512191.515770111,7878926.0,83510.0,6226332.0,995459.2697001721,6930228.0,5522436.0,No Label
131.202.240.242-131.202.240.45-51434-161-17,131.202.240.242,51434,131.202.240.45,161,17,29/04/2015 12:44:31 PM,30492,3,5,237.0,455.0,79.0,79.0,79.0,0.0,94.0,79.0,91.0,6.708203932499369,22694.477239931788,262.3638987275351,4356.0,4042.8439247638535,8006.0,35.0,71.0,35.5,0.7071067811865476,36.0,35.0,30492.0,7623.0,467.50900169586754,8143.0,7020.0,0,0,0,0,24,40,98.38646202282567,163.97743670470945,79.0,94.0,85.66666666666667,7.905694150420947,62.499999999999986,0,0,0,0,0,0,0,0,1.0,96.375,79.0,91.0,0,0,0,0,0,0,3,237,5,455,-1,-1,3,0,0,0,0,0,0,0,0,0,No Label
131.202.240.242-131.202.6.26-0-0-0,131.202.240.242,0,131.202.6.26,0,0,29/04/2015 12:44:33 PM,245409,1,1,0.0,0.0,0.0,0.0,0.0,0.0,0.0,0.0,0.0,0.0,0.0,8.149660362904376,245409.0,0.0,245409.0,245409.0,0,0,0,0,0,0,0,0,0,0,0,0,0,0,0,0,4.074830181452188,4.074830181452188,0.0,0.0,0.0,0.0,0.0,0,0,0,0,0,0,0,0,1.0,0.0,0.0,0.0,0,0,0,0,0,0,1,0,1,0,-1,-1,0,0,0,0,0,0,0,0,0,0,No Label
131.202.240.242-131.202.6.26-32447-13000-6,131.202.240.242,32447,131.202.6.26,13000,6,29/04/2015 12:45:03 PM,45218,9,11,2465.0,5708.0,1040.0,0.0,273.8888888888889,348.5923279579043,1350.0,0.0,518.9090909090909,555.1505119416634,180746.60533415896,442.3017382458313,2379.8947368421054,5180.882399046377,19239.0,28.0,44410.0,5551.25,7468.136557593008,19943.0,423.0,45057.0,4505.700000000001,6918.20468120965,19609.0,95.0,0,0,0,0,180,244,199.0357822106241,243.2659560352072,0.0,1350.0,389.19047619047615,474.88257696483447,225513.46190476193,0,1,0,0,0,0,0,0,1.0,408.65,273.8888888888889,518.9090909090909,0,0,0,0,0,0,9,2465,11,5708,-1,32768,5,0,0,0,0,0,0,0,0,0,No Label
131.202.240.242-131.202.6.26-32447-13000-6,131.202.6.26,13000,131.202.240.242,32447,6,29/04/2015 12:45:03 PM,264,1,1,0.0,0.0,0.0,0.0,0.0,0.0,0.0,0.0,0.0,0.0,0.0,7575.757575757575,264.0,0.0,264.0,264.0,0,0,0,0,0,0,0,0,0,0,0,0,0,0,20,20,3787.8787878787875,3787.8787878787875,0.0,0.0,0.0,0.0,0.0,0,0,0,0,1,0,0,0,1.0,0.0,0.0,0.0,0,0,0,0,0,0,1,0,1,0,-1,32768,0,0,0,0,0,0,0,0,0,0,No Label
131.202.240.242-131.202.243.255-137-137-17,131.202.240.242,137,131.202.243.255,137,17,29/04/2015 12:44:40 PM,24843010,19,1,950.0,50.0,50.0,50.0,50.0,0.0,50.0,50.0,50.0,0.0,40.25277130267226,0.8050554260534453,1307526.842105263,2666014.9434091756,1.2037392E7,15565.0,2.4092982E7,1338498.9999999995,2739787.1354793236,1.2037392E7,15565.0,0,0,0,0,0,0,0,0,0,152,8,0.7648026547507729,0.04025277130267226,50.0,50.0,50.0,0.0,0.0,0,0,0,0,0,0,0,0,0.0,52.5,50.0,50.0,0,0,0,0,0,0,19,950,1,50,-1,-1,19,0,8155949.0,0.0,8155949.0,8155949.0,1.2037392E7,0.0,1.2037392E7,1.2037392E7,No Label
131.202.240.242-178.237.19.227-31776-443-6,131.202.240.242,31776,178.237.19.227,443,6,29/04/2015 12:44:22 PM,29993726,1,2,6.0,0.0,6.0,6.0,6.0,0.0,0.0,0.0,0.0,0.0,0.20004183541584664,0.10002091770792332,1.4996863E7,2.096448003952762E7,2.9820989E7,172737.0,0,0,0,0,0,2.9993726E7,2.9993726E7,0.0,2.9993726E7,2.9993726E7,0,0,0,0,20,40,0.03334030590264111,0.06668061180528222,0.0,6.0,1.5,3.0,9.0,0,0,0,0,1,0,0,0,2.0,2.0,6.0,0.0,0,0,0,0,0,0,1,6,2,0,-1,16384,1,0,0,0,0,0,2.9820989E7,0.0,2.9820989E7,2.9820989E7,No Label
131.202.240.242-178.237.18.202-31773-443-6,131.202.240.242,31773,178.237.18.202,443,6,29/04/2015 12:44:22 PM,29995976,1,2,6.0,0.0,6.0,6.0,6.0,0.0,0.0,0.0,0.0,0.0,0.2000268302654996,0.1000134151327498,1.4997988E7,2.096412790035059E7,2.9821865E7,174111.0,0,0,0,0,0,2.9995976E7,2.9995976E7,0.0,2.9995976E7,2.9995976E7,0,0,0,0,20,40,0.033337805044249935,0.06667561008849987,0.0,6.0,1.5,3.0,9.0,0,0,0,0,1,0,0,0,2.0,2.0,6.0,0.0,0,0,0,0,0,0,1,6,2,0,-1,16384,1,0,0,0,0,0,2.9821865E7,0.0,2.9821865E7,2.9821865E7,No Label
131.202.240.242-205.188.12.43-31783-443-6,131.202.240.242,31783,205.188.12.43,443,6,29/04/2015 12:44:56 PM,2942472,2,2,0.0,244.0,0.0,0.0,0.0,0.0,122.0,122.0,122.0,0.0,82.92347386823052,1.3594012109545988,980824.0,1650441.4652149891,2886589.0,26580.0,2915892.0,2915892.0,0.0,2915892.0,2915892.0,2913169.0,2913169.0,0.0,2913169.0,2913169.0,0,1,0,0,40,40,0.6797006054772994,0.6797006054772994,0.0,122.0,73.2,66.82215201563027,4465.2,0,0,0,1,1,0,0,0,1.0,91.5,0.0,122.0,0,0,0,0,0,0,2,0,2,244,-1,16384,0,0,0,0,0,0,0,0,0,0,No Label
131.202.240.242-131.202.240.45-51434-161-17,131.202.240.242,51434,131.202.240.45,161,17,29/04/2015 12:45:01 PM,30010,3,5,237.0,455.0,79.0,79.0,79.0,0.0,94.0,79.0,91.0,6.708203932499369,23058.980339886704,266.5778073975342,4287.142857142857,3950.4797779751357,7549.0,54.0,111.0,55.5,2.1213203435596424,57.0,54.0,30010.0,7502.5,69.3805928676504,7564.0,7412.0,0,0,0,0,24,40,99.96667777407531,166.61112962345885,79.0,94.0,85.66666666666667,7.905694150420947,62.499999999999986,0,0,0,0,0,0,0,0,1.0,96.375,79.0,91.0,0,0,0,0,0,0,3,237,5,455,-1,-1,3,0,0,0,0,0,0,0,0,0,No Label
131.202.240.242-131.202.6.26-32448-13000-6,131.202.240.242,32448,131.202.6.26,13000,6,29/04/2015 12:45:33 PM,24522,9,11,2491.0,5707.0,1067.0,0.0,276.77777777777777,355.9936016903175,1350.0,0.0,518.8181818181819,555.1766958693094,334312.0463257483,815.5941603458119,1290.631578947368,2241.1110887862524,9865.0,17.0,23888.0,2986.0,3108.5219730834874,9865.0,317.0,24362.0,2436.2,3337.4633680886045,11294.0,80.0,0,0,0,0,180,244,367.01737215561536,448.57678819019657,0.0,1350.0,390.38095238095235,476.76351330512665,227303.44761904766,0,1,0,0,0,0,0,0,1.0,409.9,276.77777777777777,518.8181818181819,0,0,0,0,0,0,9,2491,11,5707,-1,32768,5,0,0,0,0,0,0,0,0,0,No Label
131.202.240.242-131.202.6.26-32448-13000-6,131.202.6.26,13000,131.202.240.242,32448,6,29/04/2015 12:45:33 PM,56,1,1,0.0,0.0,0.0,0.0,0.0,0.0,0.0,0.0,0.0,0.0,0.0,35714.28571428572,56.0,0.0,56.0,56.0,0,0,0,0,0,0,0,0,0,0,0,0,0,0,20,20,17857.14285714286,17857.14285714286,0.0,0.0,0.0,0.0,0.0,0,0,0,0,1,0,0,0,1.0,0.0,0.0,0.0,0,0,0,0,0,0,1,0,1,0,-1,32768,0,0,0,0,0,0,0,0,0,0,No Label
131.202.240.242-131.202.243.255-137-137-17,131.202.240.242,137,131.202.243.255,137,17,29/04/2015 12:45:12 PM,21599774,14,1,700.0,50.0,50.0,50.0,50.0,0.0,50.0,50.0,50.0,0.0,34.722585523348535,0.6944517104669706,1542841.0,2779084.4929480203,1.0379766E7,31195.0,2.084873E7,1603748.4615384615,2882820.8004739215,1.0379766E7,31195.0,0,0,0,0,0,0,0,0,0,112,8,0.6481549297691725,0.046296780697798044,50.0,50.0,50.0,0.0,0.0,0,0,0,0,0,0,0,0,0.0,53.333333333333336,50.0,50.0,0,0,0,0,0,0,14,700,1,50,-1,-1,14,0,3557673.0,0.0,3557673.0,3557673.0,1.0379766E7,0.0,1.0379766E7,1.0379766E7,No Label
131.202.240.242-178.237.19.227-31776-443-6,131.202.240.242,31776,178.237.19.227,443,6,29/04/2015 12:45:21 PM,172309,0,2,0.0,6.0,0,0,0,0,6.0,0.0,3.0,4.242640687119285,34.82116430366377,11.607054767887924,172309.0,0.0,172309.0,172309.0,0,0,0,0,0,172309.0,172309.0,0.0,172309.0,172309.0,0,1,0,0,0,40,0.0,11.607054767887924,0.0,6.0,4.0,3.4641016151377544,12.0,0,0,0,1,1,0,0,0,0.0,6.0,0.0,3.0,0,0,0,0,0,0,0,0,2,6,-1,16384,0,0,0,0,0,0,0,0,0,0,No Label
131.202.240.242-178.237.18.202-31773-443-6,131.202.240.242,31773,178.237.18.202,443,6,29/04/2015 12:45:21 PM,172275,0,2,0.0,6.0,0,0,0,0,6.0,0.0,3.0,4.242640687119285,34.828036569438396,11.609345523146132,172275.0,0.0,172275.0,172275.0,0,0,0,0,0,172275.0,172275.0,0.0,172275.0,172275.0,0,1,0,0,0,40,0.0,11.609345523146132,0.0,6.0,4.0,3.4641016151377544,12.0,0,0,0,1,1,0,0,0,0.0,6.0,0.0,3.0,0,0,0,0,0,0,0,0,2,6,-1,16384,0,0,0,0,0,0,0,0,0,0,No Label
131.202.240.242-131.202.240.45-51434-161-17,131.202.240.242,51434,131.202.240.45,161,17,29/04/2015 12:45:31 PM,29933,3,5,237.0,455.0,79.0,79.0,79.0,0.0,94.0,79.0,91.0,6.708203932499369,23118.297531152908,267.263555273444,4276.142857142857,3947.9136443008906,7850.0,54.0,108.0,54.0,0.0,54.0,54.0,29933.0,7483.25,442.71990769183475,8044.0,6978.0,0,0,0,0,24,40,100.2238332275415,167.03972204590252,79.0,94.0,85.66666666666667,7.905694150420947,62.499999999999986,0,0,0,0,0,0,0,0,1.0,96.375,79.0,91.0,0,0,0,0,0,0,3,237,5,455,-1,-1,3,0,0,0,0,0,0,0,0,0,No Label
8.0.6.4-8.6.0.1-0-0-0,8.6.0.1,0,8.0.6.4,0,0,29/04/2015 12:44:36 PM,29653958,1,1,0.0,0.0,0.0,0.0,0.0,0.0,0.0,0.0,0.0,0.0,0.0,0.06744462240082758,2.9653958E7,0.0,2.9653958E7,2.9653958E7,0,0,0,0,0,0,0,0,0,0,0,0,0,0,0,0,0.03372231120041379,0.03372231120041379,0.0,0.0,0.0,0.0,0.0,0,0,0,0,0,0,0,0,1.0,0.0,0.0,0.0,0,0,0,0,0,0,1,0,1,0,-1,-1,0,0,0,0,0,0,2.9653958E7,0.0,2.9653958E7,2.9653958E7,No Label
131.202.240.242-205.188.12.43-31783-443-6,131.202.240.242,31783,205.188.12.43,443,6,29/04/2015 12:45:29 PM,27529753,11,13,870.0,1148.0,186.0,0.0,79.0909090909091,66.82732157651472,426.0,0.0,88.30769230769229,132.20904193447123,73.30251019687681,0.8717840657705864,1196945.7826086958,3042755.7317790063,1.3669348E7,52.0,2.2996003E7,2299600.3,4288493.354540264,1.3669348E7,17457.0,2.7529753E7,2294146.0833333335,4004317.704069275,1.3746617E7,147.0,0,1,0,0,220,260,0.3995676968115188,0.47221636895906766,0.0,426.0,83.68,103.0803570036503,10625.56,0,0,0,1,1,0,0,0,1.0,87.16666666666667,79.0909090909091,88.3076923076923,0,0,0,0,0,0,11,870,13,1148,-1,16384,7,0,4525575.0,0.0,4525575.0,4525575.0,1.3669348E7,0.0,1.3669348E7,1.3669348E7,No Label
131.202.240.242-178.237.18.202-31773-443-6,131.202.240.242,31773,178.237.18.202,443,6,29/04/2015 12:45:52 PM,172028,0,2,0.0,6.0,0,0,0,0,6.0,0.0,3.0,4.242640687119285,34.878043109261284,11.626014369753761,172028.0,0.0,172028.0,172028.0,0,0,0,0,0,172028.0,172028.0,0.0,172028.0,172028.0,0,1,0,0,0,40,0.0,11.626014369753761,0.0,6.0,4.0,3.4641016151377544,12.0,0,0,0,1,1,0,0,0,0.0,6.0,0.0,3.0,0,0,0,0,0,0,0,0,2,6,-1,16384,0,0,0,0,0,0,0,0,0,0,No Label
131.202.240.242-178.237.19.227-31776-443-6,131.202.240.242,31776,178.237.19.227,443,6,29/04/2015 12:45:52 PM,29999809,1,2,6.0,6.0,6.0,6.0,6.0,0.0,6.0,0.0,3.0,4.242640687119285,0.40000254668288054,0.10000063667072014,1.49999045E7,2.096858762281953E7,2.9826935E7,172874.0,0,0,0,0,0,172874.0,172874.0,0.0,172874.0,172874.0,0,1,0,0,20,40,0.033333545556906714,0.06666709111381343,0.0,6.0,4.5,3.0,9.0,0,0,0,1,1,0,0,0,2.0,6.0,6.0,3.0,0,0,0,0,0,0,1,6,2,6,-1,16384,1,0,172874.0,0.0,172874.0,172874.0,2.9826935E7,0.0,2.9826935E7,2.9826935E7,No Label
131.202.240.242-131.202.243.255-137-137-17,131.202.240.242,137,131.202.243.255,137,17,29/04/2015 12:45:50 PM,12688338,5,1,250.0,50.0,50.0,50.0,50.0,0.0,50.0,50.0,50.0,0.0,23.643758544263243,0.4728751708852649,2537667.6,3986369.6359329624,9668701.0,750600.0,1.1931814E7,2982953.5,4457165.7976183705,9668701.0,750600.0,0,0,0,0,0,0,0,0,0,40,8,0.3940626424043874,0.07881252848087748,50.0,50.0,50.0,0.0,0.0,0,0,0,0,0,0,0,0,0.0,58.333333333333336,50.0,50.0,0,0,0,0,0,0,5,250,1,50,-1,-1,5,0,1512776.0,0.0,1512776.0,1512776.0,9668701.0,0.0,9668701.0,9668701.0,No Label
131.202.240.242-131.202.240.45-51434-161-17,131.202.240.242,51434,131.202.240.45,161,17,29/04/2015 12:46:01 PM,30074,3,5,237.0,455.0,79.0,79.0,79.0,0.0,94.0,79.0,91.0,6.708203932499369,23009.90889140121,266.01050741504287,4296.285714285715,3966.6629011586765,7901.0,53.0,107.0,53.5,0.7071067811865476,54.0,53.0,30074.0,7518.5,444.05142344853107,8095.0,7019.0,0,0,0,0,24,40,99.75394028064109,166.25656713440182,79.0,94.0,85.66666666666667,7.905694150420947,62.499999999999986,0,0,0,0,0,0,0,0,1.0,96.375,79.0,91.0,0,0,0,0,0,0,3,237,5,455,-1,-1,3,0,0,0,0,0,0,0,0,0,No Label
8.0.6.4-8.6.0.1-0-0-0,8.6.0.1,0,8.0.6.4,0,0,29/04/2015 12:46:05 PM,10489155,2,1,0.0,0.0,0.0,0.0,0.0,0.0,0.0,0.0,0.0,0.0,0.0,0.2860096928684913,5244577.5,7414689.887716984,1.0487555E7,1600.0,1600.0,1600.0,0.0,1600.0,1600.0,0,0,0,0,0,0,0,0,0,0,0,0.1906731285789942,0.0953365642894971,0.0,0.0,0.0,0.0,0.0,0,0,0,0,0,0,0,0,0.0,0.0,0.0,0.0,0,0,0,0,0,0,2,0,1,0,-1,-1,0,0,0,0,0,0,1.0487555E7,0.0,1.0487555E7,1.0487555E7,No Label
131.202.240.242-205.188.12.43-31783-443-6,131.202.240.242,31783,205.188.12.43,443,6,29/04/2015 12:46:11 PM,15189521,7,8,446.0,1510.0,202.0,0.0,63.71428571428572,83.82067025444715,500.0,0.0,188.75,177.3646365139181,128.77298764062408,0.9875229113544792,1084965.7857142857,2572652.3354226104,9316223.0,90.0,1.5184655E7,2530775.8333333335,3600195.8316914053,9316223.0,17395.0,1.5171214E7,2167316.2857142854,3440262.6287958366,9389599.0,402.0,0,1,0,0,140,160,0.46084402529875695,0.5266788860557222,0.0,500.0,153.5,172.9732156529829,29919.733333333334,0,0,0,1,1,0,0,0,1.0,163.73333333333332,63.714285714285715,188.75,0,0,0,0,0,0,7,446,8,1510,-1,16384,3,0,2984101.0,0.0,2984101.0,2984101.0,9316223.0,0.0,9316223.0,9316223.0,No Label
131.202.240.242-178.237.18.202-31773-443-6,131.202.240.242,31773,178.237.18.202,443,6,29/04/2015 12:46:22 PM,172419,0,2,0.0,6.0,0,0,0,0,6.0,0.0,3.0,4.242640687119285,34.798949071738036,11.599649690579346,172419.0,0.0,172419.0,172419.0,0,0,0,0,0,172419.0,172419.0,0.0,172419.0,172419.0,0,1,0,0,0,40,0.0,11.599649690579346,0.0,6.0,4.0,3.4641016151377544,12.0,0,0,0,1,1,0,0,0,0.0,6.0,0.0,3.0,0,0,0,0,0,0,0,0,2,6,-1,16384,0,0,0,0,0,0,0,0,0,0,No Label
131.202.240.242-178.237.19.227-31776-443-6,131.202.240.242,31776,178.237.19.227,443,6,29/04/2015 12:46:22 PM,29830117,1,1,6.0,0.0,6.0,6.0,6.0,0.0,0.0,0.0,0.0,0.0,0.20113900324293063,0.06704633441431021,2.9830117E7,0.0,2.9830117E7,2.9830117E7,0,0,0,0,0,0,0,0,0,0,0,0,0,0,20,20,0.033523167207155105,0.033523167207155105,0.0,6.0,2.0,3.4641016151377544,12.0,0,0,0,0,1,0,0,0,1.0,3.0,6.0,0.0,0,0,0,0,0,0,1,6,1,0,-1,16384,1,0,0,0,0,0,2.9830117E7,0.0,2.9830117E7,2.9830117E7,No Label
131.202.240.242-131.202.6.26-32451-13111-6,131.202.240.242,32451,131.202.6.26,13111,6,29/04/2015 12:46:54 PM,281789,3,4,125.0,196.0,125.0,0.0,41.66666666666667,72.16878364870321,196.0,0.0,49.0,98.0,1139.1502152319642,24.84128195209891,46964.833333333336,83583.07950157535,212112.0,70.0,281150.0,140575.0,178926.299911444,267095.0,14055.0,281352.0,93784.0,107984.29186228893,212112.0,569.0,0,0,0,0,60,104,10.646263693756676,14.195018258342234,0.0,196.0,40.125,76.68197310972117,5880.125,0,1,0,0,0,0,0,0,1.0,45.857142857142854,41.666666666666664,49.0,0,0,0,0,0,0,3,125,4,196,-1,516,1,0,0,0,0,0,0,0,0,0,No Label
131.202.240.242-131.202.6.26-32451-13111-6,131.202.6.26,13111,131.202.240.242,32451,6,29/04/2015 12:46:54 PM,39,1,1,0.0,0.0,0.0,0.0,0.0,0.0,0.0,0.0,0.0,0.0,0.0,51282.05128205128,39.0,0.0,39.0,39.0,0,0,0,0,0,0,0,0,0,0,0,0,0,0,20,20,25641.02564102564,25641.02564102564,0.0,0.0,0.0,0.0,0.0,0,0,0,0,1,0,0,0,1.0,0.0,0.0,0.0,0,0,0,0,0,0,1,0,1,0,-1,516,0,0,0,0,0,0,0,0,0,0,No Label
131.202.240.242-131.202.240.45-51434-161-17,131.202.240.242,51434,131.202.240.45,161,17,29/04/2015 12:46:31 PM,29917,3,5,237.0,455.0,79.0,79.0,79.0,0.0,94.0,79.0,91.0,6.708203932499369,23130.661496807836,267.40649129257616,4273.857142857143,3946.351370932034,7859.0,54.0,110.0,55.0,1.4142135623730951,56.0,54.0,29917.0,7479.25,436.80764263765656,8050.0,6990.0,0,0,0,0,24,40,100.27743423471605,167.12905705786008,79.0,94.0,85.66666666666667,7.905694150420947,62.499999999999986,0,0,0,0,0,0,0,0,1.0,96.375,79.0,91.0,0,0,0,0,0,0,3,237,5,455,-1,-1,3,0,0,0,0,0,0,0,0,0,No Label
131.202.240.242-131.202.243.255-137-137-17,131.202.240.242,137,131.202.243.255,137,17,29/04/2015 12:46:27 PM,25800309,20,1,1000.0,50.0,50.0,50.0,50.0,0.0,50.0,50.0,50.0,0.0,40.69718699880688,0.8139437399761376,1290015.4500000002,2429118.6555870636,1.0493099E7,60.0,2.5051026E7,1318475.052631579,2492254.120295754,1.0493099E7,60.0,0,0,0,0,0,0,0,0,0,160,8,0.7751845142629882,0.03875922571314941,50.0,50.0,50.0,0.0,0.0,0,0,0,0,0,0,0,0,0.0,52.38095238095238,50.0,50.0,0,0,0,0,0,0,20,1000,1,50,-1,-1,20,0,1505351.5,163.3416664540925,1505467.0,1505236.0,7810148.0,3794265.6913824575,1.0493099E7,5127197.0,No Label
131.202.240.242-178.237.18.202-31773-443-6,131.202.240.242,31773,178.237.18.202,443,6,29/04/2015 12:46:52 PM,29986843,1,2,6.0,6.0,6.0,6.0,6.0,0.0,6.0,0.0,3.0,4.242640687119285,0.4001755036367116,0.1000438759091779,1.49934215E7,2.0959894452051625E7,2.9814305E7,172538.0,0,0,0,0,0,172538.0,172538.0,0.0,172538.0,172538.0,0,1,0,0,20,40,0.03334795863639264,0.06669591727278527,0.0,6.0,4.5,3.0,9.0,0,0,0,1,1,0,0,0,2.0,6.0,6.0,3.0,0,0,0,0,0,0,1,6,2,6,-1,16384,1,0,172538.0,0.0,172538.0,172538.0,2.9814305E7,0.0,2.9814305E7,2.9814305E7,No Label
131.202.240.242-131.202.6.26-0-0-0,131.202.240.242,0,131.202.6.26,0,0,29/04/2015 12:45:03 PM,29536360,1,1,0.0,0.0,0.0,0.0,0.0,0.0,0.0,0.0,0.0,0.0,0.0,0.06771315084187761,2.953636E7,0.0,2.953636E7,2.953636E7,0,0,0,0,0,0,0,0,0,0,0,0,0,0,0,0,0.033856575420938805,0.033856575420938805,0.0,0.0,0.0,0.0,0.0,0,0,0,0,0,0,0,0,1.0,0.0,0.0,0.0,0,0,0,0,0,0,1,0,1,0,-1,-1,0,0,0,0,0,0,2.953636E7,0.0,2.953636E7,2.953636E7,No Label
131.202.240.242-131.202.6.26-32452-13000-6,131.202.240.242,32452,131.202.6.26,13000,6,29/04/2015 12:47:26 PM,71119,7,13,1427.0,5827.0,506.0,0.0,203.85714285714286,214.6613057597391,1350.0,0.0,448.2307692307693,541.6270478607572,101998.05959026421,281.2188022891211,3743.1052631578946,10945.49164874509,48214.0,27.0,18421.0,3070.166666666667,3269.2128359387475,8756.0,374.0,71119.0,5926.583333333334,13602.37843813509,48214.0,114.0,0,0,0,0,140,284,98.42658080119237,182.79222148792869,0.0,1350.0,345.4285714285714,457.919269241705,209690.05714285714,0,1,0,0,0,0,0,0,1.0,362.7,203.85714285714286,448.2307692307692,0,0,0,0,0,0,7,1427,13,5827,-1,32235,4,0,0,0,0,0,0,0,0,0,No Label
131.202.240.242-131.202.6.26-32452-13000-6,131.202.240.242,32452,131.202.6.26,13000,6,29/04/2015 12:47:26 PM,64,1,1,0.0,0.0,0.0,0.0,0.0,0.0,0.0,0.0,0.0,0.0,0.0,31250.0,64.0,0.0,64.0,64.0,0,0,0,0,0,0,0,0,0,0,0,0,0,0,20,20,15625.0,15625.0,0.0,0.0,0.0,0.0,0.0,0,0,0,0,1,0,0,0,1.0,0.0,0.0,0.0,0,0,0,0,0,0,1,0,1,0,-1,32214,0,0,0,0,0,0,0,0,0,0,No Label
131.202.240.242-131.202.240.45-51434-161-17,131.202.240.242,51434,131.202.240.45,161,17,29/04/2015 12:47:01 PM,31017,3,5,237.0,455.0,79.0,79.0,79.0,0.0,94.0,79.0,91.0,6.708203932499369,22310.345939323597,257.92307444304737,4431.0,4102.295983145698,8269.0,51.0,109.0,54.5,4.949747468305833,58.0,51.0,31017.0,7754.25,562.3613162371679,8269.0,6999.0,0,0,0,0,24,40,96.72115291614276,161.2019215269046,79.0,94.0,85.66666666666667,7.905694150420947,62.499999999999986,0,0,0,0,0,0,0,0,1.0,96.375,79.0,91.0,0,0,0,0,0,0,3,237,5,455,-1,-1,3,0,0,0,0,0,0,0,0,0,No Label
131.202.240.242-131.202.243.255-137-137-17,131.202.240.242,137,131.202.243.255,137,17,29/04/2015 12:47:02 PM,13044177,8,1,400.0,50.0,50.0,50.0,50.0,0.0,50.0,50.0,50.0,0.0,34.498151934000894,0.689963038680018,1630522.125,2033374.540516432,6550214.0,748330.0,1.2295847E7,1756549.5714285714,2162284.316332988,6550214.0,749340.0,0,0,0,0,0,0,0,0,0,64,8,0.6133004788266826,0.07666255985333532,50.0,50.0,50.0,0.0,0.0,0,0,0,0,0,0,0,0,0.0,55.55555555555556,50.0,50.0,0,0,0,0,0,0,8,400,1,50,-1,-1,8,0,4984891.0,0.0,4984891.0,4984891.0,6550214.0,0.0,6550214.0,6550214.0,No Label
131.202.240.242-224.0.0.252-49473-5355-17,131.202.240.242,49473,224.0.0.252,5355,17,29/04/2015 12:43:09 PM,420481,1,1,22.0,22.0,22.0,22.0,22.0,0.0,22.0,22.0,22.0,0.0,104.64206468306534,4.756457485593879,420481.0,0.0,420481.0,420481.0,0,0,0,0,0,0,0,0,0,0,0,0,0,0,8,8,2.3782287427969395,2.3782287427969395,22.0,22.0,22.0,0.0,0.0,0,0,0,0,0,0,0,0,1.0,33.0,22.0,22.0,0,0,0,0,0,0,1,22,1,22,-1,-1,1,0,0,0,0,0,0,0,0,0,No Label
8.0.6.4-8.6.0.1-0-0-0,8.6.0.1,0,8.0.6.4,0,0,29/04/2015 12:46:36 PM,29618534,1,1,0.0,0.0,0.0,0.0,0.0,0.0,0.0,0.0,0.0,0.0,0.0,0.0675252867005504,2.9618534E7,0.0,2.9618534E7,2.9618534E7,0,0,0,0,0,0,0,0,0,0,0,0,0,0,0,0,0.0337626433502752,0.0337626433502752,0.0,0.0,0.0,0.0,0.0,0,0,0,0,0,0,0,0,1.0,0.0,0.0,0.0,0,0,0,0,0,0,1,0,1,0,-1,-1,0,0,0,0,0,0,2.9618534E7,0.0,2.9618534E7,2.9618534E7,No Label
131.202.240.242-205.188.12.43-31783-443-6,131.202.240.242,31783,205.188.12.43,443,6,29/04/2015 12:46:51 PM,14105122,7,8,324.0,1446.0,234.0,0.0,46.285714285714285,89.31165337497357,394.0,0.0,180.75,126.74806281979787,125.48633042663509,1.0634434781918227,1007508.7142857143,2503236.803623981,9294694.0,53.0,1.4097962E7,2349660.3333333335,3553535.2490080446,9321870.0,67337.0,1.4079712E7,2011387.4285714286,3363828.2135173935,9294747.0,3096.0,0,1,0,0,140,160,0.496273623156184,0.5671698550356389,0.0,394.0,128.25000000000003,129.8796879166767,16868.733333333334,0,0,0,1,1,0,0,0,1.0,136.8,46.285714285714285,180.75,0,0,0,0,0,0,7,324,8,1446,-1,16384,2,0,2917637.0,0.0,2917637.0,2917637.0,9294694.0,0.0,9294694.0,9294694.0,No Label
131.202.240.242-178.237.19.227-31776-443-6,131.202.240.242,31776,178.237.19.227,443,6,29/04/2015 12:46:52 PM,29986969,1,2,6.0,0.0,6.0,6.0,6.0,0.0,0.0,0.0,0.0,0.0,0.20008691108461146,0.10004345554230573,1.49934845E7,2.0960215478530284E7,2.9814595E7,172374.0,0,0,0,0,0,2.9986969E7,2.9986969E7,0.0,2.9986969E7,2.9986969E7,0,0,0,0,20,40,0.03334781851410191,0.06669563702820382,0.0,6.0,1.5,3.0,9.0,0,0,0,0,1,0,0,0,2.0,2.0,6.0,0.0,0,0,0,0,0,0,1,6,2,0,-1,16384,1,0,0,0,0,0,2.9814595E7,0.0,2.9814595E7,2.9814595E7,No Label
131.202.240.242-178.237.18.202-31773-443-6,131.202.240.242,31773,178.237.18.202,443,6,29/04/2015 12:47:22 PM,29829732,1,1,6.0,0.0,6.0,6.0,6.0,0.0,0.0,0.0,0.0,0.0,0.2011415992607644,0.06704719975358814,2.9829732E7,0.0,2.9829732E7,2.9829732E7,0,0,0,0,0,0,0,0,0,0,0,0,0,0,20,20,0.03352359987679407,0.03352359987679407,0.0,6.0,2.0,3.4641016151377544,12.0,0,0,0,0,1,0,0,0,1.0,3.0,6.0,0.0,0,0,0,0,0,0,1,6,1,0,-1,16384,1,0,0,0,0,0,2.9829732E7,0.0,2.9829732E7,2.9829732E7,No Label
131.202.240.242-131.202.240.45-51434-161-17,131.202.240.242,51434,131.202.240.45,161,17,29/04/2015 12:47:31 PM,30232,3,5,237.0,455.0,79.0,79.0,79.0,0.0,94.0,79.0,91.0,6.708203932499369,22889.653347446416,264.6202699126753,4318.857142857143,3990.236477059617,7887.0,52.0,107.0,53.5,2.1213203435596424,55.0,52.0,30232.0,7558.0,433.10737698635427,8073.0,7020.0,0,0,0,0,24,40,99.23260121725325,165.38766869542206,79.0,94.0,85.66666666666667,7.905694150420947,62.499999999999986,0,0,0,0,0,0,0,0,1.0,96.375,79.0,91.0,0,0,0,0,0,0,3,237,5,455,-1,-1,3,0,0,0,0,0,0,0,0,0,No Label
131.202.240.242-131.202.243.255-137-137-17,131.202.240.242,137,131.202.243.255,137,17,29/04/2015 12:47:33 PM,29919284,14,1,700.0,50.0,50.0,50.0,50.0,0.0,50.0,50.0,50.0,0.0,25.067444795804604,0.5013488959160921,2137091.714285714,3290752.077268015,1.1617288E7,250000.0,2.9162465E7,2243266.538461538,3400072.7573589412,1.1617288E7,250000.0,0,0,0,0,0,0,0,0,0,112,8,0.46792563618835264,0.03342325972773947,50.0,50.0,50.0,0.0,0.0,0,0,0,0,0,0,0,0,0.0,53.333333333333336,50.0,50.0,0,0,0,0,0,0,14,700,1,50,-1,-1,14,0,5167484.0,3747657.4550073277,7817478.0,2517490.0,9042584.5,3641180.608789476,1.1617288E7,6467881.0,No Label
8.0.6.4-8.6.0.1-0-0-0,8.6.0.1,0,8.0.6.4,0,0,29/04/2015 12:47:36 PM,29606752,1,1,0.0,0.0,0.0,0.0,0.0,0.0,0.0,0.0,0.0,0.0,0.0,0.0675521583725226,2.9606752E7,0.0,2.9606752E7,2.9606752E7,0,0,0,0,0,0,0,0,0,0,0,0,0,0,0,0,0.0337760791862613,0.0337760791862613,0.0,0.0,0.0,0.0,0.0,0,0,0,0,0,0,0,0,1.0,0.0,0.0,0.0,0,0,0,0,0,0,1,0,1,0,-1,-1,0,0,0,0,0,0,2.9606752E7,0.0,2.9606752E7,2.9606752E7,No Label
131.202.240.242-205.188.12.43-31783-443-6,131.202.240.242,31783,205.188.12.43,443,6,29/04/2015 12:47:44 PM,29833577,8,8,658.0,952.0,218.0,0.0,82.25,77.92624718283308,426.0,0.0,119.00000000000003,159.23029144696594,53.96603967402233,0.5363084688101598,1988905.1333333338,5182042.138834705,1.7688626E7,53.0,2.9757364E7,4251052.0,7196954.37941701,1.7743809E7,30439.0,2.9833577E7,4261939.571428572,7211251.719009348,1.7746828E7,628.0,0,1,0,0,160,160,0.2681542344050799,0.2681542344050799,0.0,426.0,119.76470588235293,142.5287380722589,20314.441176470587,0,0,0,1,1,0,0,0,1.0,127.25,82.25,119.0,0,0,0,0,0,0,8,658,8,952,-1,16384,5,0,67859.0,17926.571116641353,80535.0,55183.0,1.4363234E7,4702814.466606991,1.7688626E7,1.1037842E7,No Label
131.202.240.242-178.237.19.227-31776-443-6,131.202.240.242,31776,178.237.19.227,443,6,29/04/2015 12:47:51 PM,172480,0,2,0.0,6.0,0,0,0,0,6.0,0.0,3.0,4.242640687119285,34.786641929499076,11.595547309833025,172480.0,0.0,172480.0,172480.0,0,0,0,0,0,172480.0,172480.0,0.0,172480.0,172480.0,0,1,0,0,0,40,0.0,11.595547309833025,0.0,6.0,4.0,3.4641016151377544,12.0,0,0,0,1,1,0,0,0,0.0,6.0,0.0,3.0,0,0,0,0,0,0,0,0,2,6,-1,16384,0,0,0,0,0,0,0,0,0,0,No Label
131.202.240.242-178.237.18.202-31773-443-6,131.202.240.242,31773,178.237.18.202,443,6,29/04/2015 12:47:52 PM,29829596,1,1,6.0,0.0,6.0,6.0,6.0,0.0,0.0,0.0,0.0,0.0,0.20114251631165236,0.06704750543721745,2.9829596E7,0.0,2.9829596E7,2.9829596E7,0,0,0,0,0,0,0,0,0,0,0,0,0,0,20,20,0.033523752718608725,0.033523752718608725,0.0,6.0,2.0,3.4641016151377544,12.0,0,0,0,0,1,0,0,0,1.0,3.0,6.0,0.0,0,0,0,0,0,0,1,6,1,0,-1,16384,1,0,0,0,0,0,2.9829596E7,0.0,2.9829596E7,2.9829596E7,No Label
131.202.240.242-131.202.240.45-51434-161-17,131.202.240.242,51434,131.202.240.45,161,17,29/04/2015 12:48:01 PM,30313,3,5,237.0,455.0,79.0,79.0,79.0,0.0,94.0,79.0,91.0,6.708203932499369,22828.489426978525,263.91317256622574,4330.428571428572,4003.91216425231,8062.0,47.0,106.0,53.0,8.48528137423857,59.0,47.0,30313.0,7578.25,491.7867932346294,8246.0,7061.0,0,0,0,0,24,40,98.96743971233464,164.94573285389106,79.0,94.0,85.66666666666667,7.905694150420947,62.499999999999986,0,0,0,0,0,0,0,0,1.0,96.375,79.0,91.0,0,0,0,0,0,0,3,237,5,455,-1,-1,3,0,0,0,0,0,0,0,0,0,No Label
131.202.240.242-131.202.243.255-137-137-17,131.202.240.242,137,131.202.243.255,137,17,29/04/2015 12:48:05 PM,26031879,23,1,1150.0,50.0,50.0,50.0,50.0,0.0,50.0,50.0,50.0,0.0,46.097325513844005,0.9219465102768801,1131820.8260869565,992655.7085801177,3842694.0,156800.0,2.5269769E7,1148625.8636363635,1012661.2447230926,3842694.0,156800.0,0,0,0,0,0,0,0,0,0,184,8,0.8835320723486768,0.038414437928203336,50.0,50.0,50.0,0.0,0.0,0,0,0,0,0,0,0,0,0.0,52.083333333333336,50.0,50.0,0,0,0,0,0,0,23,1150,1,50,-1,-1,23,0,0,0,0,0,0,0,0,0,No Label
131.202.240.242-205.188.12.43-31783-443-6,131.202.240.242,31783,205.188.12.43,443,6,29/04/2015 12:48:19 PM,24179765,8,10,488.0,972.0,122.0,0.0,61.0,65.21174302663155,484.0,0.0,97.2,148.81517246422007,60.38106656536985,0.7444241083401761,1422339.1176470588,2451085.532731464,7363224.0,15867.0,1.7618634E7,2516947.7142857146,2772065.737540491,7363224.0,412500.0,2.4179765E7,2686640.5555555555,2899628.3184895488,7442008.0,54741.0,0,1,0,0,160,200,0.3308551592623005,0.41356894907787567,0.0,484.0,83.26315789473684,114.62249251117201,13138.315789473683,0,0,0,1,1,0,0,0,1.0,87.88888888888889,61.0,97.2,0,0,0,0,0,0,8,488,10,972,-1,16384,4,0,889607.3333333333,1472940.082931527,2590318.0,23763.0,6421779.666666667,939767.0147948018,7363224.0,5483699.0,No Label
131.202.240.242-178.237.19.227-31776-443-6,131.202.240.242,31776,178.237.19.227,443,6,29/04/2015 12:48:22 PM,29994630,1,2,6.0,6.0,6.0,6.0,6.0,0.0,6.0,0.0,3.0,4.242640687119285,0.4000716128186945,0.10001790320467363,1.4997315E7,2.0965573226611335E7,2.9822214E7,172416.0,0,0,0,0,0,172416.0,172416.0,0.0,172416.0,172416.0,0,1,0,0,20,40,0.033339301068224546,0.06667860213644909,0.0,6.0,4.5,3.0,9.0,0,0,0,1,1,0,0,0,2.0,6.0,6.0,3.0,0,0,0,0,0,0,1,6,2,6,-1,16384,1,0,172416.0,0.0,172416.0,172416.0,2.9822214E7,0.0,2.9822214E7,2.9822214E7,No Label
131.202.240.242-131.202.240.45-51434-161-17,131.202.240.242,51434,131.202.240.45,161,17,29/04/2015 12:48:31 PM,30366,3,5,237.0,455.0,79.0,79.0,79.0,0.0,94.0,79.0,91.0,6.708203932499369,22788.6451952842,263.45254561022193,4338.0,4015.831669779001,8204.0,53.0,110.0,55.0,2.8284271247461903,57.0,53.0,30366.0,7591.5,579.3781148783581,8388.0,6999.0,0,0,0,0,24,40,98.79470460383324,164.6578410063887,79.0,94.0,85.66666666666667,7.905694150420947,62.499999999999986,0,0,0,0,0,0,0,0,1.0,96.375,79.0,91.0,0,0,0,0,0,0,3,237,5,455,-1,-1,3,0,0,0,0,0,0,0,0,0,No Label
8.0.6.4-8.6.0.1-0-0-0,8.6.0.1,0,8.0.6.4,0,0,29/04/2015 12:48:17 PM,18414206,2,1,0.0,0.0,0.0,0.0,0.0,0.0,0.0,0.0,0.0,0.0,0.0,0.1629176951751273,9207103.0,1.3019172273460783E7,1.8413048E7,1158.0,1.8413048E7,1.8413048E7,0.0,1.8413048E7,1.8413048E7,0,0,0,0,0,0,0,0,0,0,0,0.10861179678341819,0.054305898391709094,0.0,0.0,0.0,0.0,0.0,0,0,0,0,0,0,0,0,0.0,0.0,0.0,0.0,0,0,0,0,0,0,2,0,1,0,-1,-1,0,0,1158.0,0.0,1158.0,1158.0,1.8413048E7,0.0,1.8413048E7,1.8413048E7,No Label
131.202.240.242-131.202.243.255-137-137-17,131.202.240.242,137,131.202.243.255,137,17,29/04/2015 12:48:38 PM,28967941,26,1,1300.0,50.0,50.0,50.0,50.0,0.0,50.0,50.0,50.0,0.0,46.60324321980634,0.9320648643961268,1114151.576923077,1612902.4734807538,7517232.0,62399.0,2.8212422E7,1128496.8800000001,1644467.9700155384,7517232.0,62399.0,0,0,0,0,0,0,0,0,0,208,8,0.8975439434925665,0.03452092090356025,50.0,50.0,50.0,0.0,0.0,0,0,0,0,0,0,0,0,0.0,51.851851851851855,50.0,50.0,0,0,0,0,0,0,26,1300,1,50,-1,-1,26,0,3488484.0,0.0,3488484.0,3488484.0,7517232.0,0.0,7517232.0,7517232.0,No Label
131.202.240.242-178.237.18.202-31773-443-6,131.202.240.242,31773,178.237.18.202,443,6,29/04/2015 12:48:22 PM,29993788,1,2,6.0,0.0,6.0,6.0,6.0,0.0,0.0,0.0,0.0,0.0,0.20004142191043026,0.10002071095521513,1.4996894E7,2.0965001884332135E7,2.9821389E7,172399.0,0,0,0,0,0,2.9993788E7,2.9993788E7,0.0,2.9993788E7,2.9993788E7,0,0,0,0,20,40,0.03334023698507171,0.06668047397014341,0.0,6.0,1.5,3.0,9.0,0,0,0,0,1,0,0,0,2.0,2.0,6.0,0.0,0,0,0,0,0,0,1,6,2,0,-1,16384,1,0,0,0,0,0,2.9821389E7,0.0,2.9821389E7,2.9821389E7,No Label
131.202.240.242-178.237.19.227-31776-443-6,131.202.240.242,31776,178.237.19.227,443,6,29/04/2015 12:48:52 PM,29832375,1,1,6.0,0.0,6.0,6.0,6.0,0.0,0.0,0.0,0.0,0.0,0.2011237791158096,0.06704125970526986,2.9832375E7,0.0,2.9832375E7,2.9832375E7,0,0,0,0,0,0,0,0,0,0,0,0,0,0,20,20,0.03352062985263493,0.03352062985263493,0.0,6.0,2.0,3.4641016151377544,12.0,0,0,0,0,1,0,0,0,1.0,3.0,6.0,0.0,0,0,0,0,0,0,1,6,1,0,-1,16384,1,0,0,0,0,0,2.9832375E7,0.0,2.9832375E7,2.9832375E7,No Label
131.202.240.242-205.188.12.43-31783-443-6,131.202.240.242,31783,205.188.12.43,443,6,29/04/2015 12:48:49 PM,17388874,7,9,552.0,1116.0,218.0,0.0,78.85714285714286,83.52929340742,282.0,0.0,124.0,111.75419455215092,95.92340481620603,0.9201285833688828,1159258.2666666668,3572160.7288300903,1.3759828E7,34.0,1.7331185E7,2888530.833333333,5485203.659055674,1.3816361E7,27225.0,1.7368303E7,2171037.8749999995,4820220.684547112,1.3814894E7,487.0,0,1,0,0,140,180,0.4025562552238862,0.5175723281449965,0.0,282.0,109.05882352941177,98.77023247684198,9755.55882352941,0,0,0,1,1,0,0,0,1.0,115.875,78.85714285714286,124.0,0,0,0,0,0,0,7,552,9,1116,-1,16384,4,0,432490.0,0.0,432490.0,432490.0,1.3759828E7,0.0,1.3759828E7,1.3759828E7,No Label
131.202.240.242-224.0.0.252-59393-5355-17,131.202.240.242,59393,224.0.0.252,5355,17,29/04/2015 12:44:09 PM,420594,1,1,22.0,22.0,22.0,22.0,22.0,0.0,22.0,22.0,22.0,0.0,104.6139507458499,4.755179579356814,420594.0,0.0,420594.0,420594.0,0,0,0,0,0,0,0,0,0,0,0,0,0,0,8,8,2.377589789678407,2.377589789678407,22.0,22.0,22.0,0.0,0.0,0,0,0,0,0,0,0,0,1.0,33.0,22.0,22.0,0,0,0,0,0,0,1,22,1,22,-1,-1,1,0,0,0,0,0,0,0,0,0,No Label
131.202.240.242-131.202.240.45-51434-161-17,131.202.240.242,51434,131.202.240.45,161,17,29/04/2015 12:49:01 PM,30709,3,5,237.0,455.0,79.0,79.0,79.0,0.0,94.0,79.0,91.0,6.708203932499369,22534.110521345534,260.50994822364777,4387.0,4046.69960173308,8037.0,53.0,108.0,54.0,1.4142135623730951,55.0,53.0,30709.0,7677.25,422.8201942512523,8242.0,7217.0,0,0,0,0,24,40,97.69123058386792,162.81871763977986,79.0,94.0,85.66666666666667,7.905694150420947,62.499999999999986,0,0,0,0,0,0,0,0,1.0,96.375,79.0,91.0,0,0,0,0,0,0,3,237,5,455,-1,-1,3,0,0,0,0,0,0,0,0,0,No Label
8.0.6.4-8.6.0.1-0-0-0,8.6.0.1,0,8.0.6.4,0,0,29/04/2015 12:49:05 PM,2492423,2,1,0.0,0.0,0.0,0.0,0.0,0.0,0.0,0.0,0.0,0.0,0.0,1.2036480164081298,1246211.5,1760852.1557531455,2491322.0,1101.0,1101.0,1101.0,0.0,1101.0,1101.0,0,0,0,0,0,0,0,0,0,0,0,0.8024320109387532,0.4012160054693766,0.0,0.0,0.0,0.0,0.0,0,0,0,0,0,0,0,0,0.0,0.0,0.0,0.0,0,0,0,0,0,0,2,0,1,0,-1,-1,0,0,0,0,0,0,0,0,0,0,No Label
131.202.240.242-131.202.243.255-137-137-17,131.202.240.242,137,131.202.243.255,137,17,29/04/2015 12:49:12 PM,28357516,44,1,2200.0,50.0,50.0,50.0,50.0,0.0,50.0,50.0,50.0,0.0,79.34404409751545,1.586880881950309,644488.9999999999,592296.4755622713,3764756.0,186962.0,2.7601412E7,641893.3023255815,599052.86984279,3764756.0,186962.0,0,0,0,0,0,0,0,0,0,352,8,1.5516168623514133,0.03526401959889575,50.0,50.0,50.0,0.0,0.0,0,0,0,0,0,0,0,0,0.0,51.111111111111114,50.0,50.0,0,0,0,0,0,0,44,2200,1,50,-1,-1,44,0,0,0,0,0,0,0,0,0,No Label
131.202.240.242-178.237.18.202-31773-443-6,131.202.240.242,31773,178.237.18.202,443,6,29/04/2015 12:49:22 PM,29999054,1,2,6.0,6.0,6.0,6.0,6.0,0.0,6.0,0.0,3.0,4.242640687119285,0.4000126137310863,0.10000315343277158,1.4999527E7,2.096928836563969E7,2.9827053E7,172001.0,0,0,0,0,0,172001.0,172001.0,0.0,172001.0,172001.0,0,1,0,0,20,40,0.033334384477590524,0.06666876895518105,0.0,6.0,4.5,3.0,9.0,0,0,0,1,1,0,0,0,2.0,6.0,6.0,3.0,0,0,0,0,0,0,1,6,2,6,-1,16384,1,0,172001.0,0.0,172001.0,172001.0,2.9827053E7,0.0,2.9827053E7,2.9827053E7,No Label
131.202.240.242-205.188.12.43-31783-443-6,131.202.240.242,31783,205.188.12.43,443,6,29/04/2015 12:49:26 PM,17770066,7,7,568.0,936.0,202.0,0.0,81.14285714285715,81.00088182941504,410.0,0.0,133.71428571428572,159.28770017980494,84.63671434872555,0.7878417559056899,1366928.1538461538,3173868.036430675,9959522.0,93.0,1.7694882E7,2949147.0,4339344.049192689,1.0015802E7,26767.0,1.7770066E7,2961677.666666667,4355262.347659652,1.0018594E7,5960.0,0,1,0,0,140,140,0.39392087795284497,0.39392087795284497,0.0,410.0,127.60000000000001,143.10874985728262,20480.114285714288,0,0,0,1,1,0,0,0,1.0,136.71428571428572,81.14285714285714,133.71428571428572,0,0,0,0,0,0,7,568,7,936,-1,16384,4,0,67351.0,15656.758349032536,78422.0,56280.0,8347960.0,2279092.83700511,9959522.0,6736398.0,No Label
131.202.240.242-131.202.240.45-51434-161-17,131.202.240.242,51434,131.202.240.45,161,17,29/04/2015 12:49:31 PM,29992,3,5,237.0,455.0,79.0,79.0,79.0,0.0,94.0,79.0,91.0,6.708203932499369,23072.8194185116,266.73779674579885,4284.571428571428,3951.5935965608805,7502.0,50.0,107.0,53.5,4.949747468305833,57.0,50.0,29992.0,7498.0,126.1824076486101,7675.0,7403.0,0,0,0,0,24,40,100.02667377967458,166.7111229661243,79.0,94.0,85.66666666666667,7.905694150420947,62.499999999999986,0,0,0,0,0,0,0,0,1.0,96.375,79.0,91.0,0,0,0,0,0,0,3,237,5,455,-1,-1,3,0,0,0,0,0,0,0,0,0,No Label
8.0.6.4-8.6.0.1-0-0-0,8.6.0.1,0,8.0.6.4,0,0,29/04/2015 12:49:36 PM,20579942,2,1,0.0,0.0,0.0,0.0,0.0,0.0,0.0,0.0,0.0,0.0,0.0,0.1457730055798991,1.0289971E7,1.455077546100578E7,2.0578923E7,1019.0,1019.0,1019.0,0.0,1019.0,1019.0,0,0,0,0,0,0,0,0,0,0,0,0.09718200371993274,0.04859100185996637,0.0,0.0,0.0,0.0,0.0,0,0,0,0,0,0,0,0,0.0,0.0,0.0,0.0,0,0,0,0,0,0,2,0,1,0,-1,-1,0,0,0,0,0,0,2.0578923E7,0.0,2.0578923E7,2.0578923E7,No Label
131.202.240.242-224.0.0.252-50148-5355-17,131.202.240.242,50148,224.0.0.252,5355,17,29/04/2015 12:44:15 PM,420850,1,1,22.0,22.0,22.0,22.0,22.0,0.0,22.0,22.0,22.0,0.0,104.55031483901628,4.752287038137103,420850.0,0.0,420850.0,420850.0,0,0,0,0,0,0,0,0,0,0,0,0,0,0,8,8,2.3761435190685516,2.3761435190685516,22.0,22.0,22.0,0.0,0.0,0,0,0,0,0,0,0,0,1.0,33.0,22.0,22.0,0,0,0,0,0,0,1,22,1,22,-1,-1,1,0,0,0,0,0,0,0,0,0,No Label
131.202.240.242-131.202.243.255-137-137-17,131.202.240.242,137,131.202.243.255,137,17,29/04/2015 12:49:43 PM,29787898,28,1,1400.0,50.0,50.0,50.0,50.0,0.0,50.0,50.0,50.0,0.0,48.67748640739941,0.9735497281479882,1063853.4999999998,2432090.6221313574,1.2983936E7,65.0,2.9038557E7,1075502.1111111112,2477624.2319123643,1.2983936E7,65.0,0,0,0,0,0,0,0,0,0,224,8,0.9399790478670231,0.03357068028096511,50.0,50.0,50.0,0.0,0.0,0,0,0,0,0,0,0,0,0.0,51.724137931034484,50.0,50.0,0,0,0,0,0,0,28,1400,1,50,-1,-1,28,0,6692580.0,0.0,6692580.0,6692580.0,1.2983936E7,0.0,1.2983936E7,1.2983936E7,No Label
131.202.240.242-178.237.19.227-31776-443-6,131.202.240.242,31776,178.237.19.227,443,6,29/04/2015 12:49:22 PM,29998902,1,2,6.0,0.0,6.0,6.0,6.0,0.0,0.0,0.0,0.0,0.0,0.2000073202679218,0.1000036601339609,1.4999451E7,2.0968684496448554E7,2.982655E7,172352.0,0,0,0,0,0,2.9998902E7,2.9998902E7,0.0,2.9998902E7,2.9998902E7,0,0,0,0,20,40,0.033334553377986964,0.06666910675597393,0.0,6.0,1.5,3.0,9.0,0,0,0,0,1,0,0,0,2.0,2.0,6.0,0.0,0,0,0,0,0,0,1,6,2,0,-1,16384,1,0,0,0,0,0,2.982655E7,0.0,2.982655E7,2.982655E7,No Label
131.202.240.242-178.237.18.202-31773-443-6,131.202.240.242,31773,178.237.18.202,443,6,29/04/2015 12:49:52 PM,29830225,1,1,6.0,0.0,6.0,6.0,6.0,0.0,0.0,0.0,0.0,0.0,0.2011382750213919,0.0670460916737973,2.9830225E7,0.0,2.9830225E7,2.9830225E7,0,0,0,0,0,0,0,0,0,0,0,0,0,0,20,20,0.03352304583689865,0.03352304583689865,0.0,6.0,2.0,3.4641016151377544,12.0,0,0,0,0,1,0,0,0,1.0,3.0,6.0,0.0,0,0,0,0,0,0,1,6,1,0,-1,16384,1,0,0,0,0,0,2.9830225E7,0.0,2.9830225E7,2.9830225E7,No Label
131.202.240.242-64.12.104.73-31785-443-6,131.202.240.242,31785,64.12.104.73,443,6,29/04/2015 12:45:29 PM,55650,0,2,0.0,74.0,0,0,0,0,74.0,0.0,37.0,52.32590180780452,1329.7394429469903,35.93890386343217,55650.0,0.0,55650.0,55650.0,0,0,0,0,0,55650.0,55650.0,0.0,55650.0,55650.0,0,1,0,0,0,40,0.0,35.93890386343217,0.0,74.0,49.33333333333333,42.72391992003231,1825.3333333333335,0,0,0,1,1,0,0,0,0.0,74.0,0.0,37.0,0,0,0,0,0,0,0,0,2,74,-1,16384,0,0,0,0,0,0,0,0,0,0,No Label
131.202.240.242-131.202.240.45-51434-161-17,131.202.240.242,51434,131.202.240.45,161,17,29/04/2015 12:50:01 PM,30040,3,5,237.0,455.0,79.0,79.0,79.0,0.0,94.0,79.0,91.0,6.708203932499369,23035.95206391478,266.31158455392807,4291.428571428572,3955.3668543361377,7567.0,53.0,112.0,56.0,4.242640687119285,59.0,53.0,30040.0,7510.0,77.20535387307454,7586.0,7441.0,0,0,0,0,24,40,99.86684420772303,166.44474034620507,79.0,94.0,85.66666666666667,7.905694150420947,62.499999999999986,0,0,0,0,0,0,0,0,1.0,96.375,79.0,91.0,0,0,0,0,0,0,3,237,5,455,-1,-1,3,0,0,0,0,0,0,0,0,0,No Label
8.0.6.4-8.6.0.1-0-0-0,8.6.0.1,0,8.0.6.4,0,0,29/04/2015 12:50:06 PM,29445639,1,1,0.0,0.0,0.0,0.0,0.0,0.0,0.0,0.0,0.0,0.0,0.0,0.06792177272838264,2.9445639E7,0.0,2.9445639E7,2.9445639E7,0,0,0,0,0,0,0,0,0,0,0,0,0,0,0,0,0.03396088636419132,0.03396088636419132,0.0,0.0,0.0,0.0,0.0,0,0,0,0,0,0,0,0,1.0,0.0,0.0,0.0,0,0,0,0,0,0,1,0,1,0,-1,-1,0,0,0,0,0,0,2.9445639E7,0.0,2.9445639E7,2.9445639E7,No Label
131.202.240.242-205.188.12.43-31783-443-6,131.202.240.242,31783,205.188.12.43,443,6,29/04/2015 12:49:56 PM,12925355,3,5,170.0,680.0,170.0,0.0,56.66666666666667,98.14954576223637,282.0,0.0,136.0,100.65783625729296,65.76221697585869,0.6189385127139642,1846479.2857142854,4824354.13203853,1.2786938E7,29.0,1.2868354E7,6434177.0,9019745.206371298,1.28121E7,56254.0,1.2900193E7,3225048.25,6374666.763155931,1.2786967E7,551.0,0,1,0,0,60,100,0.23210194226773656,0.3868365704462276,0.0,282.0,111.55555555555556,95.9311095410544,9202.777777777777,0,0,0,1,1,0,0,0,1.0,125.5,56.666666666666664,136.0,0,0,0,0,0,0,3,170,5,680,-1,16384,1,0,113255.0,0.0,113255.0,113255.0,1.2786938E7,0.0,1.2786938E7,1.2786938E7,No Label
131.202.240.242-131.202.243.255-137-137-17,131.202.240.242,137,131.202.243.255,137,17,29/04/2015 12:50:13 PM,18544652,18,1,900.0,50.0,50.0,50.0,50.0,0.0,50.0,50.0,50.0,0.0,51.2277070499894,1.024554140999788,1030258.4444444445,1467901.1736437213,6009220.0,62443.0,1.7999395E7,1058787.9411764706,1507925.153495295,6009220.0,62443.0,0,0,0,0,0,0,0,0,0,144,8,0.9706302388419045,0.05392390215788358,50.0,50.0,50.0,0.0,0.0,0,0,0,0,0,0,0,0,0.0,52.63157894736842,50.0,50.0,0,0,0,0,0,0,18,900,1,50,-1,-1,18,0,1.1029095E7,0.0,1.1029095E7,1.1029095E7,6009220.0,0.0,6009220.0,6009220.0,No Label
131.202.240.242-178.237.19.227-31776-443-6,131.202.240.242,31776,178.237.19.227,443,6,29/04/2015 12:50:22 PM,29999059,1,2,6.0,6.0,6.0,6.0,6.0,0.0,6.0,0.0,3.0,4.242640687119285,0.40001254706022615,0.10000313676505654,1.49995295E7,2.095783535710481E7,2.9818957E7,180102.0,0,0,0,0,0,180102.0,180102.0,0.0,180102.0,180102.0,0,1,0,0,20,40,0.03333437892168551,0.06666875784337102,0.0,6.0,4.5,3.0,9.0,0,0,0,1,1,0,0,0,2.0,6.0,6.0,3.0,0,0,0,0,0,0,1,6,2,6,-1,16384,1,0,180102.0,0.0,180102.0,180102.0,2.9818957E7,0.0,2.9818957E7,2.9818957E7,No Label
131.202.240.242-64.12.27.66-32450-443-6,131.202.240.242,32450,64.12.27.66,443,6,29/04/2015 12:46:51 PM,2355848,9,9,462.0,994.0,316.0,0.0,51.33333333333334,102.4987804805501,785.0,0.0,110.44444444444444,256.7625903004131,618.0364777354057,7.640560851124521,138579.2941176471,473258.5058442908,1972638.0,44.0,2298633.0,287329.125,681545.428501691,1972638.0,713.0,2336458.0,292057.25,709818.0061586712,2047794.0,76.0,0,0,0,0,180,196,3.8202804255622604,3.8202804255622604,0.0,785.0,76.63157894736841,187.58500607171132,35188.134502923975,0,1,0,0,0,0,0,0,1.0,80.88888888888889,51.333333333333336,110.44444444444444,0,0,0,0,0,0,9,462,9,994,-1,16384,5,0,0,0,0,0,0,0,0,0,No Label
131.202.240.242-64.12.104.73-31785-443-6,131.202.240.242,31785,64.12.104.73,443,6,29/04/2015 12:50:30 PM,29946610,2,1,74.0,0.0,74.0,0.0,37.0,52.32590180780452,0.0,0.0,0.0,0.0,2.471064337499303,0.10017828395267445,1.4973305E7,2.1175373222802944E7,2.9946555E7,55.0,2.9946555E7,2.9946555E7,0.0,2.9946555E7,2.9946555E7,0,0,0,0,0,0,0,0,0,40,20,0.06678552263511629,0.033392761317558146,0.0,74.0,18.5,37.0,1369.0,0,0,0,0,1,0,0,0,0.0,24.666666666666668,37.0,0.0,0,0,0,0,0,0,2,74,1,0,-1,16384,1,0,55.0,0.0,55.0,55.0,2.9946555E7,0.0,2.9946555E7,2.9946555E7,No Label
131.202.240.242-131.202.240.45-51434-161-17,131.202.240.242,51434,131.202.240.45,161,17,29/04/2015 12:50:31 PM,30054,3,5,237.0,455.0,79.0,79.0,79.0,0.0,94.0,79.0,91.0,6.708203932499369,23025.221268383575,266.187529114261,4293.428571428572,3966.9628120743646,7994.0,52.0,106.0,53.0,1.4142135623730951,54.0,52.0,30054.0,7513.5,490.60540831371463,8185.0,7008.0,0,0,0,0,24,40,99.82032341784787,166.36720569641312,79.0,94.0,85.66666666666667,7.905694150420947,62.499999999999986,0,0,0,0,0,0,0,0,1.0,96.375,79.0,91.0,0,0,0,0,0,0,3,237,5,455,-1,-1,3,0,0,0,0,0,0,0,0,0,No Label
8.0.6.4-8.6.0.1-0-0-0,8.6.0.1,0,8.0.6.4,0,0,29/04/2015 12:50:37 PM,28548934,3,1,0.0,0.0,0.0,0.0,0.0,0.0,0.0,0.0,0.0,0.0,0.0,0.14011031024836165,9516311.333333332,9257241.057315582,1.8492004E7,1118.0,1.8493122E7,9246561.0,1.3075030880747395E7,1.8492004E7,1118.0,0,0,0,0,0,0,0,0,0,0,0,0.10508273268627123,0.03502757756209041,0.0,0.0,0.0,0.0,0.0,0,0,0,0,0,0,0,0,0.0,0.0,0.0,0.0,0,0,0,0,0,0,3,0,1,0,-1,-1,0,0,1118.0,0.0,1118.0,1118.0,1.4273908E7,5965288.570591703,1.8492004E7,1.0055812E7,No Label
131.202.240.242-224.0.0.252-59393-5355-17,131.202.240.242,59393,224.0.0.252,5355,17,29/04/2015 12:49:29 PM,420810,1,1,22.0,22.0,22.0,22.0,22.0,0.0,22.0,22.0,22.0,0.0,104.56025284570234,4.752738765713742,420810.0,0.0,420810.0,420810.0,0,0,0,0,0,0,0,0,0,0,0,0,0,0,8,8,2.376369382856871,2.376369382856871,22.0,22.0,22.0,0.0,0.0,0,0,0,0,0,0,0,0,1.0,33.0,22.0,22.0,0,0,0,0,0,0,1,22,1,22,-1,-1,1,0,0,0,0,0,0,0,0,0,No Label
131.202.240.242-224.0.0.252-49806-5355-17,131.202.240.242,49806,224.0.0.252,5355,17,29/04/2015 12:53:18 PM,420300,1,1,22.0,22.0,22.0,22.0,22.0,0.0,22.0,22.0,22.0,0.0,104.6871282417321,4.758505829169641,420300.0,0.0,420300.0,420300.0,0,0,0,0,0,0,0,0,0,0,0,0,0,0,8,8,2.3792529145848205,2.3792529145848205,22.0,22.0,22.0,0.0,0.0,0,0,0,0,0,0,0,0,1.0,33.0,22.0,22.0,0,0,0,0,0,0,1,22,1,22,-1,-1,1,0,0,0,0,0,0,0,0,0,No Label
131.202.240.242-224.0.0.252-61949-5355-17,131.202.240.242,61949,224.0.0.252,5355,17,29/04/2015 12:43:24 PM,417473,1,1,22.0,22.0,22.0,22.0,22.0,0.0,22.0,22.0,22.0,0.0,105.39603758805958,4.790728981275436,417473.0,0.0,417473.0,417473.0,0,0,0,0,0,0,0,0,0,0,0,0,0,0,8,8,2.395364490637718,2.395364490637718,22.0,22.0,22.0,0.0,0.0,0,0,0,0,0,0,0,0,1.0,33.0,22.0,22.0,0,0,0,0,0,0,1,22,1,22,-1,-1,1,0,0,0,0,0,0,0,0,0,No Label
131.202.240.242-224.0.0.252-50616-5355-17,131.202.240.242,50616,224.0.0.252,5355,17,29/04/2015 12:44:35 PM,420958,1,1,22.0,22.0,22.0,22.0,22.0,0.0,22.0,22.0,22.0,0.0,104.5234916547494,4.75106780248861,420958.0,0.0,420958.0,420958.0,0,0,0,0,0,0,0,0,0,0,0,0,0,0,8,8,2.375533901244305,2.375533901244305,22.0,22.0,22.0,0.0,0.0,0,0,0,0,0,0,0,0,1.0,33.0,22.0,22.0,0,0,0,0,0,0,1,22,1,22,-1,-1,1,0,0,0,0,0,0,0,0,0,No Label
131.202.240.242-224.0.0.252-63346-5355-17,131.202.240.242,63346,224.0.0.252,5355,17,29/04/2015 12:53:09 PM,417881,1,1,22.0,22.0,22.0,22.0,22.0,0.0,22.0,22.0,22.0,0.0,105.29313369117045,4.786051531416839,417881.0,0.0,417881.0,417881.0,0,0,0,0,0,0,0,0,0,0,0,0,0,0,8,8,2.3930257657084195,2.3930257657084195,22.0,22.0,22.0,0.0,0.0,0,0,0,0,0,0,0,0,1.0,33.0,22.0,22.0,0,0,0,0,0,0,1,22,1,22,-1,-1,1,0,0,0,0,0,0,0,0,0,No Label
131.202.240.242-224.0.0.252-53423-5355-17,131.202.240.242,53423,224.0.0.252,5355,17,29/04/2015 12:49:48 PM,420887,1,1,22.0,22.0,22.0,22.0,22.0,0.0,22.0,22.0,22.0,0.0,104.54112386460024,4.751869266572738,420887.0,0.0,420887.0,420887.0,0,0,0,0,0,0,0,0,0,0,0,0,0,0,8,8,2.375934633286369,2.375934633286369,22.0,22.0,22.0,0.0,0.0,0,0,0,0,0,0,0,0,1.0,33.0,22.0,22.0,0,0,0,0,0,0,1,22,1,22,-1,-1,1,0,0,0,0,0,0,0,0,0,No Label
131.202.240.242-224.0.0.252-57557-5355-17,131.202.240.242,57557,224.0.0.252,5355,17,29/04/2015 12:50:11 PM,420719,1,1,22.0,22.0,22.0,22.0,22.0,0.0,22.0,22.0,22.0,0.0,104.58286885070558,4.753766765941163,420719.0,0.0,420719.0,420719.0,0,0,0,0,0,0,0,0,0,0,0,0,0,0,8,8,2.3768833829705813,2.3768833829705813,22.0,22.0,22.0,0.0,0.0,0,0,0,0,0,0,0,0,1.0,33.0,22.0,22.0,0,0,0,0,0,0,1,22,1,22,-1,-1,1,0,0,0,0,0,0,0,0,0,No Label
131.202.240.242-224.0.0.252-51720-5355-17,131.202.240.242,51720,224.0.0.252,5355,17,29/04/2015 12:50:47 PM,423603,1,1,22.0,22.0,22.0,22.0,22.0,0.0,22.0,22.0,22.0,0.0,103.87084133020777,4.721401878645808,423603.0,0.0,423603.0,423603.0,0,0,0,0,0,0,0,0,0,0,0,0,0,0,8,8,2.360700939322904,2.360700939322904,22.0,22.0,22.0,0.0,0.0,0,0,0,0,0,0,0,0,1.0,33.0,22.0,22.0,0,0,0,0,0,0,1,22,1,22,-1,-1,1,0,0,0,0,0,0,0,0,0,No Label
131.202.240.242-224.0.0.252-63025-5355-17,131.202.240.242,63025,224.0.0.252,5355,17,29/04/2015 12:44:41 PM,420693,1,1,22.0,22.0,22.0,22.0,22.0,0.0,22.0,22.0,22.0,0.0,104.58933236350498,4.754060561977499,420693.0,0.0,420693.0,420693.0,0,0,0,0,0,0,0,0,0,0,0,0,0,0,8,8,2.3770302809887496,2.3770302809887496,22.0,22.0,22.0,0.0,0.0,0,0,0,0,0,0,0,0,1.0,33.0,22.0,22.0,0,0,0,0,0,0,1,22,1,22,-1,-1,1,0,0,0,0,0,0,0,0,0,No Label
131.202.240.242-224.0.0.252-65518-5355-17,131.202.240.242,65518,224.0.0.252,5355,17,29/04/2015 12:49:01 PM,420500,1,1,22.0,22.0,22.0,22.0,22.0,0.0,22.0,22.0,22.0,0.0,104.63733650416171,4.756242568370987,420500.0,0.0,420500.0,420500.0,0,0,0,0,0,0,0,0,0,0,0,0,0,0,8,8,2.3781212841854935,2.3781212841854935,22.0,22.0,22.0,0.0,0.0,0,0,0,0,0,0,0,0,1.0,33.0,22.0,22.0,0,0,0,0,0,0,1,22,1,22,-1,-1,1,0,0,0,0,0,0,0,0,0,No Label
131.202.240.242-224.0.0.252-54662-5355-17,131.202.240.242,54662,224.0.0.252,5355,17,29/04/2015 12:49:36 PM,421173,1,1,22.0,22.0,22.0,22.0,22.0,0.0,22.0,22.0,22.0,0.0,104.47013460027114,4.748642481830506,421173.0,0.0,421173.0,421173.0,0,0,0,0,0,0,0,0,0,0,0,0,0,0,8,8,2.374321240915253,2.374321240915253,22.0,22.0,22.0,0.0,0.0,0,0,0,0,0,0,0,0,1.0,33.0,22.0,22.0,0,0,0,0,0,0,1,22,1,22,-1,-1,1,0,0,0,0,0,0,0,0,0,No Label
131.202.240.242-131.202.244.32-51434-161-17,131.202.240.242,51434,131.202.244.32,161,17,29/04/2015 12:50:28 PM,523,0,2,0.0,173.0,0,0,0,0,94.0,79.0,86.5,10.606601717798213,330783.93881453155,3824.091778202677,523.0,0.0,523.0,523.0,0,0,0,0,0,523.0,523.0,0.0,523.0,523.0,0,0,0,0,0,16,0.0,3824.091778202677,79.0,94.0,84.0,8.660254037844387,75.0,0,0,0,0,0,0,0,0,0.0,126.0,0.0,86.5,0,0,0,0,0,0,0,0,2,173,-1,-1,0,0,0,0,0,0,0,0,0,0,No Label
131.202.240.242-224.0.0.252-56911-5355-17,131.202.240.242,56911,224.0.0.252,5355,17,29/04/2015 12:49:23 PM,420943,1,1,22.0,22.0,22.0,22.0,22.0,0.0,22.0,22.0,22.0,0.0,104.52721627393733,4.751237103360787,420943.0,0.0,420943.0,420943.0,0,0,0,0,0,0,0,0,0,0,0,0,0,0,8,8,2.3756185516803936,2.3756185516803936,22.0,22.0,22.0,0.0,0.0,0,0,0,0,0,0,0,0,1.0,33.0,22.0,22.0,0,0,0,0,0,0,1,22,1,22,-1,-1,1,0,0,0,0,0,0,0,0,0,No Label
131.202.240.242-131.202.244.5-57438-53-17,131.202.240.242,57438,131.202.244.5,53,17,29/04/2015 12:52:26 PM,194296,0,2,0.0,226.0,0,0,0,0,183.0,43.0,113.0,98.99494936611666,1163.1737143327707,10.29357269321036,194296.0,0.0,194296.0,194296.0,0,0,0,0,0,194296.0,194296.0,0.0,194296.0,194296.0,0,0,0,0,0,16,0.0,10.29357269321036,43.0,183.0,89.66666666666666,80.82903768654761,6533.333333333333,0,0,0,0,0,0,0,0,0.0,134.5,0.0,113.0,0,0,0,0,0,0,0,0,2,226,-1,-1,0,0,0,0,0,0,0,0,0,0,No Label
131.202.240.242-224.0.0.252-64123-5355-17,131.202.240.242,64123,224.0.0.252,5355,17,29/04/2015 12:50:13 PM,419761,1,1,22.0,22.0,22.0,22.0,22.0,0.0,22.0,22.0,22.0,0.0,104.82155321718788,4.764616055326722,419761.0,0.0,419761.0,419761.0,0,0,0,0,0,0,0,0,0,0,0,0,0,0,8,8,2.382308027663361,2.382308027663361,22.0,22.0,22.0,0.0,0.0,0,0,0,0,0,0,0,0,1.0,33.0,22.0,22.0,0,0,0,0,0,0,1,22,1,22,-1,-1,1,0,0,0,0,0,0,0,0,0,No Label
131.202.240.242-224.0.0.252-63361-5355-17,131.202.240.242,63361,224.0.0.252,5355,17,29/04/2015 12:43:36 PM,420976,1,1,22.0,22.0,22.0,22.0,22.0,0.0,22.0,22.0,22.0,0.0,104.5190224620881,4.75086465736764,420976.0,0.0,420976.0,420976.0,0,0,0,0,0,0,0,0,0,0,0,0,0,0,8,8,2.37543232868382,2.37543232868382,22.0,22.0,22.0,0.0,0.0,0,0,0,0,0,0,0,0,1.0,33.0,22.0,22.0,0,0,0,0,0,0,1,22,1,22,-1,-1,1,0,0,0,0,0,0,0,0,0,No Label
131.202.240.242-224.0.0.252-55064-5355-17,131.202.240.242,55064,224.0.0.252,5355,17,29/04/2015 12:43:51 PM,420267,1,1,22.0,22.0,22.0,22.0,22.0,0.0,22.0,22.0,22.0,0.0,104.6953484332579,4.758879474238996,420267.0,0.0,420267.0,420267.0,0,0,0,0,0,0,0,0,0,0,0,0,0,0,8,8,2.379439737119498,2.379439737119498,22.0,22.0,22.0,0.0,0.0,0,0,0,0,0,0,0,0,1.0,33.0,22.0,22.0,0,0,0,0,0,0,1,22,1,22,-1,-1,1,0,0,0,0,0,0,0,0,0,No Label
131.202.240.242-131.202.244.3-57438-53-17,131.202.240.242,57438,131.202.244.3,53,17,29/04/2015 12:52:26 PM,79906,0,2,0.0,226.0,0,0,0,0,183.0,43.0,113.0,98.99494936611666,2828.323279853828,25.02940955622857,79906.0,0.0,79906.0,79906.0,0,0,0,0,0,79906.0,79906.0,0.0,79906.0,79906.0,0,0,0,0,0,16,0.0,25.02940955622857,43.0,183.0,89.66666666666666,80.82903768654761,6533.333333333333,0,0,0,0,0,0,0,0,0.0,134.5,0.0,113.0,0,0,0,0,0,0,0,0,2,226,-1,-1,0,0,0,0,0,0,0,0,0,0,No Label
131.202.240.242-224.0.0.252-52850-5355-17,131.202.240.242,52850,224.0.0.252,5355,17,29/04/2015 12:44:09 PM,420895,1,1,22.0,22.0,22.0,22.0,22.0,0.0,22.0,22.0,22.0,0.0,104.53913683935423,4.751778947243374,420895.0,0.0,420895.0,420895.0,0,0,0,0,0,0,0,0,0,0,0,0,0,0,8,8,2.375889473621687,2.375889473621687,22.0,22.0,22.0,0.0,0.0,0,0,0,0,0,0,0,0,1.0,33.0,22.0,22.0,0,0,0,0,0,0,1,22,1,22,-1,-1,1,0,0,0,0,0,0,0,0,0,No Label
131.202.240.242-131.202.6.26-0-0-0,131.202.240.242,0,131.202.6.26,0,0,29/04/2015 12:47:26 PM,6030,1,1,0.0,0.0,0.0,0.0,0.0,0.0,0.0,0.0,0.0,0.0,0.0,331.6749585406302,6030.0,0.0,6030.0,6030.0,0,0,0,0,0,0,0,0,0,0,0,0,0,0,0,0,165.8374792703151,165.8374792703151,0.0,0.0,0.0,0.0,0.0,0,0,0,0,0,0,0,0,1.0,0.0,0.0,0.0,0,0,0,0,0,0,1,0,1,0,-1,-1,0,0,0,0,0,0,0,0,0,0,No Label
131.202.240.242-224.0.0.252-64733-5355-17,131.202.240.242,64733,224.0.0.252,5355,17,29/04/2015 12:48:55 PM,420674,1,1,22.0,22.0,22.0,22.0,22.0,0.0,22.0,22.0,22.0,0.0,104.59405620504239,4.754275282047381,420674.0,0.0,420674.0,420674.0,0,0,0,0,0,0,0,0,0,0,0,0,0,0,8,8,2.3771376410236904,2.3771376410236904,22.0,22.0,22.0,0.0,0.0,0,0,0,0,0,0,0,0,1.0,33.0,22.0,22.0,0,0,0,0,0,0,1,22,1,22,-1,-1,1,0,0,0,0,0,0,0,0,0,No Label
131.202.240.242-224.0.0.252-63220-5355-17,131.202.240.242,63220,224.0.0.252,5355,17,29/04/2015 12:50:47 PM,423934,1,1,22.0,22.0,22.0,22.0,22.0,0.0,22.0,22.0,22.0,0.0,103.78974085588796,4.717715493449452,423934.0,0.0,423934.0,423934.0,0,0,0,0,0,0,0,0,0,0,0,0,0,0,8,8,2.358857746724726,2.358857746724726,22.0,22.0,22.0,0.0,0.0,0,0,0,0,0,0,0,0,1.0,33.0,22.0,22.0,0,0,0,0,0,0,1,22,1,22,-1,-1,1,0,0,0,0,0,0,0,0,0,No Label
131.202.240.242-224.0.0.252-58263-5355-17,131.202.240.242,58263,224.0.0.252,5355,17,29/04/2015 12:50:22 PM,420860,1,1,22.0,22.0,22.0,22.0,22.0,0.0,22.0,22.0,22.0,0.0,104.54783063251438,4.7521741196597445,420860.0,0.0,420860.0,420860.0,0,0,0,0,0,0,0,0,0,0,0,0,0,0,8,8,2.3760870598298722,2.3760870598298722,22.0,22.0,22.0,0.0,0.0,0,0,0,0,0,0,0,0,1.0,33.0,22.0,22.0,0,0,0,0,0,0,1,22,1,22,-1,-1,1,0,0,0,0,0,0,0,0,0,No Label
131.202.240.242-224.0.0.252-64701-5355-17,131.202.240.242,64701,224.0.0.252,5355,17,29/04/2015 12:51:01 PM,420934,1,1,22.0,22.0,22.0,22.0,22.0,0.0,22.0,22.0,22.0,0.0,104.52945117286797,4.7513386896758165,420934.0,0.0,420934.0,420934.0,0,0,0,0,0,0,0,0,0,0,0,0,0,0,8,8,2.3756693448379083,2.3756693448379083,22.0,22.0,22.0,0.0,0.0,0,0,0,0,0,0,0,0,1.0,33.0,22.0,22.0,0,0,0,0,0,0,1,22,1,22,-1,-1,1,0,0,0,0,0,0,0,0,0,No Label
131.202.240.242-224.0.0.252-52561-5355-17,131.202.240.242,52561,224.0.0.252,5355,17,29/04/2015 12:53:48 PM,415696,1,1,22.0,22.0,22.0,22.0,22.0,0.0,22.0,22.0,22.0,0.0,105.84658019321812,4.811208190600824,415696.0,0.0,415696.0,415696.0,0,0,0,0,0,0,0,0,0,0,0,0,0,0,8,8,2.405604095300412,2.405604095300412,22.0,22.0,22.0,0.0,0.0,0,0,0,0,0,0,0,0,1.0,33.0,22.0,22.0,0,0,0,0,0,0,1,22,1,22,-1,-1,1,0,0,0,0,0,0,0,0,0,No Label
131.202.240.242-224.0.0.252-60201-5355-17,131.202.240.242,60201,224.0.0.252,5355,17,29/04/2015 12:44:12 PM,421838,1,1,22.0,22.0,22.0,22.0,22.0,0.0,22.0,22.0,22.0,0.0,104.30544427007524,4.741156557730693,421838.0,0.0,421838.0,421838.0,0,0,0,0,0,0,0,0,0,0,0,0,0,0,8,8,2.3705782788653464,2.3705782788653464,22.0,22.0,22.0,0.0,0.0,0,0,0,0,0,0,0,0,1.0,33.0,22.0,22.0,0,0,0,0,0,0,1,22,1,22,-1,-1,1,0,0,0,0,0,0,0,0,0,No Label
131.202.240.242-131.202.244.5-63346-53-17,131.202.240.242,63346,131.202.244.5,53,17,29/04/2015 12:44:31 PM,46534,0,2,0.0,300.0,0,0,0,0,258.0,42.0,150.0,152.73506473629428,6446.89904156101,42.97932694374006,46534.0,0.0,46534.0,46534.0,0,0,0,0,0,46534.0,46534.0,0.0,46534.0,46534.0,0,0,0,0,0,16,0.0,42.97932694374006,42.0,258.0,114.0,124.70765814495917,15552.0,0,0,0,0,0,0,0,0,0.0,171.0,0.0,150.0,0,0,0,0,0,0,0,0,2,300,-1,-1,0,0,0,0,0,0,0,0,0,0,No Label
131.202.240.242-205.188.12.43-31783-443-6,131.202.240.242,31783,205.188.12.43,443,6,29/04/2015 12:53:36 PM,11400268,8,11,536.0,1860.0,170.0,0.0,67.0,73.32900420122216,382.0,0.0,169.0909090909091,141.68800552301846,210.17049774619332,1.6666274863011992,633348.2222222222,1564148.1440605884,5354079.0,23.0,1.1303116E7,1614730.8571428573,2286835.495321969,5415682.0,9327.0,1.1400268E7,1140026.8,2017599.3953760879,5354079.0,124.0,0,1,0,0,160,220,0.701737888968926,0.9648895973322732,0.0,382.0,129.1,123.56029851218817,15267.147368421049,0,0,0,1,1,0,0,0,1.0,135.89473684210526,67.0,169.0909090909091,0,0,0,0,0,0,8,536,11,1860,-1,16384,4,0,110916.0,0.0,110916.0,110916.0,5354079.0,0.0,5354079.0,5354079.0,No Label
131.202.240.242-224.0.0.252-59799-5355-17,131.202.240.242,59799,224.0.0.252,5355,17,29/04/2015 12:52:48 PM,420555,1,1,22.0,22.0,22.0,22.0,22.0,0.0,22.0,22.0,22.0,0.0,104.62365207880063,4.755620549036392,420555.0,0.0,420555.0,420555.0,0,0,0,0,0,0,0,0,0,0,0,0,0,0,8,8,2.377810274518196,2.377810274518196,22.0,22.0,22.0,0.0,0.0,0,0,0,0,0,0,0,0,1.0,33.0,22.0,22.0,0,0,0,0,0,0,1,22,1,22,-1,-1,1,0,0,0,0,0,0,0,0,0,No Label
131.202.240.242-131.202.244.3-58924-53-17,131.202.240.242,58924,131.202.244.3,53,17,29/04/2015 12:46:01 PM,263,0,2,0.0,114.0,0,0,0,0,82.0,32.0,57.0,35.35533905932738,433460.07604562736,7604.5627376425855,263.0,0.0,263.0,263.0,0,0,0,0,0,263.0,263.0,0.0,263.0,263.0,0,0,0,0,0,16,0.0,7604.5627376425855,32.0,82.0,48.66666666666667,28.867513459481287,833.3333333333334,0,0,0,0,0,0,0,0,0.0,73.0,0.0,57.0,0,0,0,0,0,0,0,0,2,114,-1,-1,0,0,0,0,0,0,0,0,0,0,No Label
131.202.240.242-224.0.0.252-50392-5355-17,131.202.240.242,50392,224.0.0.252,5355,17,29/04/2015 12:50:07 PM,420687,1,1,22.0,22.0,22.0,22.0,22.0,0.0,22.0,22.0,22.0,0.0,104.59082405684036,4.754128366220017,420687.0,0.0,420687.0,420687.0,0,0,0,0,0,0,0,0,0,0,0,0,0,0,8,8,2.3770641831100083,2.3770641831100083,22.0,22.0,22.0,0.0,0.0,0,0,0,0,0,0,0,0,1.0,33.0,22.0,22.0,0,0,0,0,0,0,1,22,1,22,-1,-1,1,0,0,0,0,0,0,0,0,0,No Label
131.202.240.242-224.0.0.252-54515-5355-17,131.202.240.242,54515,224.0.0.252,5355,17,29/04/2015 12:45:32 PM,413934,1,1,22.0,22.0,22.0,22.0,22.0,0.0,22.0,22.0,22.0,0.0,106.29713915745022,4.831688143520465,413934.0,0.0,413934.0,413934.0,0,0,0,0,0,0,0,0,0,0,0,0,0,0,8,8,2.4158440717602323,2.4158440717602323,22.0,22.0,22.0,0.0,0.0,0,0,0,0,0,0,0,0,1.0,33.0,22.0,22.0,0,0,0,0,0,0,1,22,1,22,-1,-1,1,0,0,0,0,0,0,0,0,0,No Label
131.202.240.242-224.0.0.252-64350-5355-17,131.202.240.242,64350,224.0.0.252,5355,17,29/04/2015 12:43:36 PM,420488,1,1,22.0,22.0,22.0,22.0,22.0,0.0,22.0,22.0,22.0,0.0,104.6403226727041,4.756378303304732,420488.0,0.0,420488.0,420488.0,0,0,0,0,0,0,0,0,0,0,0,0,0,0,8,8,2.378189151652366,2.378189151652366,22.0,22.0,22.0,0.0,0.0,0,0,0,0,0,0,0,0,1.0,33.0,22.0,22.0,0,0,0,0,0,0,1,22,1,22,-1,-1,1,0,0,0,0,0,0,0,0,0,No Label
131.202.240.242-224.0.0.252-63829-5355-17,131.202.240.242,63829,224.0.0.252,5355,17,29/04/2015 12:51:35 PM,419410,1,1,22.0,22.0,22.0,22.0,22.0,0.0,22.0,22.0,22.0,0.0,104.90927731813738,4.76860351446079,419410.0,0.0,419410.0,419410.0,0,0,0,0,0,0,0,0,0,0,0,0,0,0,8,8,2.384301757230395,2.384301757230395,22.0,22.0,22.0,0.0,0.0,0,0,0,0,0,0,0,0,1.0,33.0,22.0,22.0,0,0,0,0,0,0,1,22,1,22,-1,-1,1,0,0,0,0,0,0,0,0,0,No Label
131.202.240.242-224.0.0.252-54633-5355-17,131.202.240.242,54633,224.0.0.252,5355,17,29/04/2015 12:48:55 PM,421026,1,1,22.0,22.0,22.0,22.0,22.0,0.0,22.0,22.0,22.0,0.0,104.50661004308522,4.750300456503874,421026.0,0.0,421026.0,421026.0,0,0,0,0,0,0,0,0,0,0,0,0,0,0,8,8,2.375150228251937,2.375150228251937,22.0,22.0,22.0,0.0,0.0,0,0,0,0,0,0,0,0,1.0,33.0,22.0,22.0,0,0,0,0,0,0,1,22,1,22,-1,-1,1,0,0,0,0,0,0,0,0,0,No Label
131.202.240.242-224.0.0.252-60209-5355-17,131.202.240.242,60209,224.0.0.252,5355,17,29/04/2015 12:49:20 PM,421002,1,1,22.0,22.0,22.0,22.0,22.0,0.0,22.0,22.0,22.0,0.0,104.51256763625827,4.750571256193558,421002.0,0.0,421002.0,421002.0,0,0,0,0,0,0,0,0,0,0,0,0,0,0,8,8,2.375285628096779,2.375285628096779,22.0,22.0,22.0,0.0,0.0,0,0,0,0,0,0,0,0,1.0,33.0,22.0,22.0,0,0,0,0,0,0,1,22,1,22,-1,-1,1,0,0,0,0,0,0,0,0,0,No Label
131.202.240.242-224.0.0.252-53426-5355-17,131.202.240.242,53426,224.0.0.252,5355,17,29/04/2015 12:48:38 PM,420683,1,1,22.0,22.0,22.0,22.0,22.0,0.0,22.0,22.0,22.0,0.0,104.59181854270318,4.754173570122872,420683.0,0.0,420683.0,420683.0,0,0,0,0,0,0,0,0,0,0,0,0,0,0,8,8,2.377086785061436,2.377086785061436,22.0,22.0,22.0,0.0,0.0,0,0,0,0,0,0,0,0,1.0,33.0,22.0,22.0,0,0,0,0,0,0,1,22,1,22,-1,-1,1,0,0,0,0,0,0,0,0,0,No Label
131.202.240.242-224.0.0.252-63081-5355-17,131.202.240.242,63081,224.0.0.252,5355,17,29/04/2015 12:50:02 PM,420348,1,1,22.0,22.0,22.0,22.0,22.0,0.0,22.0,22.0,22.0,0.0,104.67517390352755,4.757962450160344,420348.0,0.0,420348.0,420348.0,0,0,0,0,0,0,0,0,0,0,0,0,0,0,8,8,2.378981225080172,2.378981225080172,22.0,22.0,22.0,0.0,0.0,0,0,0,0,0,0,0,0,1.0,33.0,22.0,22.0,0,0,0,0,0,0,1,22,1,22,-1,-1,1,0,0,0,0,0,0,0,0,0,No Label
131.202.240.242-224.0.0.252-52930-5355-17,131.202.240.242,52930,224.0.0.252,5355,17,29/04/2015 12:49:29 PM,420498,1,1,22.0,22.0,22.0,22.0,22.0,0.0,22.0,22.0,22.0,0.0,104.63783418708294,4.756265190321952,420498.0,0.0,420498.0,420498.0,0,0,0,0,0,0,0,0,0,0,0,0,0,0,8,8,2.378132595160976,2.378132595160976,22.0,22.0,22.0,0.0,0.0,0,0,0,0,0,0,0,0,1.0,33.0,22.0,22.0,0,0,0,0,0,0,1,22,1,22,-1,-1,1,0,0,0,0,0,0,0,0,0,No Label
131.202.240.242-224.0.0.252-58953-5355-17,131.202.240.242,58953,224.0.0.252,5355,17,29/04/2015 12:52:28 PM,417719,1,1,22.0,22.0,22.0,22.0,22.0,0.0,22.0,22.0,22.0,0.0,105.33396852908295,4.787907660412861,417719.0,0.0,417719.0,417719.0,0,0,0,0,0,0,0,0,0,0,0,0,0,0,8,8,2.3939538302064305,2.3939538302064305,22.0,22.0,22.0,0.0,0.0,0,0,0,0,0,0,0,0,1.0,33.0,22.0,22.0,0,0,0,0,0,0,1,22,1,22,-1,-1,1,0,0,0,0,0,0,0,0,0,No Label
131.202.240.242-224.0.0.252-59629-5355-17,131.202.240.242,59629,224.0.0.252,5355,17,29/04/2015 12:48:40 PM,416119,1,1,22.0,22.0,22.0,22.0,22.0,0.0,22.0,22.0,22.0,0.0,105.73898331967538,4.806317423621608,416119.0,0.0,416119.0,416119.0,0,0,0,0,0,0,0,0,0,0,0,0,0,0,8,8,2.403158711810804,2.403158711810804,22.0,22.0,22.0,0.0,0.0,0,0,0,0,0,0,0,0,1.0,33.0,22.0,22.0,0,0,0,0,0,0,1,22,1,22,-1,-1,1,0,0,0,0,0,0,0,0,0,No Label
131.202.240.242-224.0.0.252-59555-5355-17,131.202.240.242,59555,224.0.0.252,5355,17,29/04/2015 12:53:16 PM,420428,1,1,22.0,22.0,22.0,22.0,22.0,0.0,22.0,22.0,22.0,0.0,104.65525607238338,4.7570570941992445,420428.0,0.0,420428.0,420428.0,0,0,0,0,0,0,0,0,0,0,0,0,0,0,8,8,2.3785285470996222,2.3785285470996222,22.0,22.0,22.0,0.0,0.0,0,0,0,0,0,0,0,0,1.0,33.0,22.0,22.0,0,0,0,0,0,0,1,22,1,22,-1,-1,1,0,0,0,0,0,0,0,0,0,No Label
131.202.240.242-224.0.0.252-60377-5355-17,131.202.240.242,60377,224.0.0.252,5355,17,29/04/2015 12:49:34 PM,420461,1,1,22.0,22.0,22.0,22.0,22.0,0.0,22.0,22.0,22.0,0.0,104.64704217513635,4.75668373523347,420461.0,0.0,420461.0,420461.0,0,0,0,0,0,0,0,0,0,0,0,0,0,0,8,8,2.378341867616735,2.378341867616735,22.0,22.0,22.0,0.0,0.0,0,0,0,0,0,0,0,0,1.0,33.0,22.0,22.0,0,0,0,0,0,0,1,22,1,22,-1,-1,1,0,0,0,0,0,0,0,0,0,No Label
131.202.240.242-224.0.0.252-61416-5355-17,131.202.240.242,61416,224.0.0.252,5355,17,29/04/2015 12:44:15 PM,420358,1,1,22.0,22.0,22.0,22.0,22.0,0.0,22.0,22.0,22.0,0.0,104.67268376003311,4.757849261819687,420358.0,0.0,420358.0,420358.0,0,0,0,0,0,0,0,0,0,0,0,0,0,0,8,8,2.3789246309098435,2.3789246309098435,22.0,22.0,22.0,0.0,0.0,0,0,0,0,0,0,0,0,1.0,33.0,22.0,22.0,0,0,0,0,0,0,1,22,1,22,-1,-1,1,0,0,0,0,0,0,0,0,0,No Label
131.202.240.242-224.0.0.252-55748-5355-17,131.202.240.242,55748,224.0.0.252,5355,17,29/04/2015 12:51:55 PM,409972,1,1,22.0,22.0,22.0,22.0,22.0,0.0,22.0,22.0,22.0,0.0,107.32440264213166,4.878381938278712,409972.0,0.0,409972.0,409972.0,0,0,0,0,0,0,0,0,0,0,0,0,0,0,8,8,2.439190969139356,2.439190969139356,22.0,22.0,22.0,0.0,0.0,0,0,0,0,0,0,0,0,1.0,33.0,22.0,22.0,0,0,0,0,0,0,1,22,1,22,-1,-1,1,0,0,0,0,0,0,0,0,0,No Label
131.202.240.242-224.0.0.252-59974-5355-17,131.202.240.242,59974,224.0.0.252,5355,17,29/04/2015 12:50:03 PM,416986,1,1,22.0,22.0,22.0,22.0,22.0,0.0,22.0,22.0,22.0,0.0,105.51913013866172,4.796324097211897,416986.0,0.0,416986.0,416986.0,0,0,0,0,0,0,0,0,0,0,0,0,0,0,8,8,2.3981620486059483,2.3981620486059483,22.0,22.0,22.0,0.0,0.0,0,0,0,0,0,0,0,0,1.0,33.0,22.0,22.0,0,0,0,0,0,0,1,22,1,22,-1,-1,1,0,0,0,0,0,0,0,0,0,No Label
131.202.240.242-224.0.0.252-58033-5355-17,131.202.240.242,58033,224.0.0.252,5355,17,29/04/2015 12:44:25 PM,423118,1,1,22.0,22.0,22.0,22.0,22.0,0.0,22.0,22.0,22.0,0.0,103.98990352573041,4.72681379662411,423118.0,0.0,423118.0,423118.0,0,0,0,0,0,0,0,0,0,0,0,0,0,0,8,8,2.363406898312055,2.363406898312055,22.0,22.0,22.0,0.0,0.0,0,0,0,0,0,0,0,0,1.0,33.0,22.0,22.0,0,0,0,0,0,0,1,22,1,22,-1,-1,1,0,0,0,0,0,0,0,0,0,No Label
131.202.240.242-224.0.0.252-63420-5355-17,131.202.240.242,63420,224.0.0.252,5355,17,29/04/2015 12:49:31 PM,421211,1,1,22.0,22.0,22.0,22.0,22.0,0.0,22.0,22.0,22.0,0.0,104.46070971555824,4.748214077979919,421211.0,0.0,421211.0,421211.0,0,0,0,0,0,0,0,0,0,0,0,0,0,0,8,8,2.3741070389899597,2.3741070389899597,22.0,22.0,22.0,0.0,0.0,0,0,0,0,0,0,0,0,1.0,33.0,22.0,22.0,0,0,0,0,0,0,1,22,1,22,-1,-1,1,0,0,0,0,0,0,0,0,0,No Label
131.202.240.242-224.0.0.252-61505-5355-17,131.202.240.242,61505,224.0.0.252,5355,17,29/04/2015 12:47:53 PM,420489,1,1,22.0,22.0,22.0,22.0,22.0,0.0,22.0,22.0,22.0,0.0,104.64007381881571,4.7563669917643505,420489.0,0.0,420489.0,420489.0,0,0,0,0,0,0,0,0,0,0,0,0,0,0,8,8,2.3781834958821753,2.3781834958821753,22.0,22.0,22.0,0.0,0.0,0,0,0,0,0,0,0,0,1.0,33.0,22.0,22.0,0,0,0,0,0,0,1,22,1,22,-1,-1,1,0,0,0,0,0,0,0,0,0,No Label
131.202.240.242-224.0.0.252-58472-5355-17,131.202.240.242,58472,224.0.0.252,5355,17,29/04/2015 12:43:51 PM,419099,1,1,22.0,22.0,22.0,22.0,22.0,0.0,22.0,22.0,22.0,0.0,104.9871271465692,4.772142143025873,419099.0,0.0,419099.0,419099.0,0,0,0,0,0,0,0,0,0,0,0,0,0,0,8,8,2.3860710715129363,2.3860710715129363,22.0,22.0,22.0,0.0,0.0,0,0,0,0,0,0,0,0,1.0,33.0,22.0,22.0,0,0,0,0,0,0,1,22,1,22,-1,-1,1,0,0,0,0,0,0,0,0,0,No Label
131.202.240.242-224.0.0.252-59300-5355-17,131.202.240.242,59300,224.0.0.252,5355,17,29/04/2015 12:44:35 PM,421194,1,1,22.0,22.0,22.0,22.0,22.0,0.0,22.0,22.0,22.0,0.0,104.4649259011287,4.7484057227785765,421194.0,0.0,421194.0,421194.0,0,0,0,0,0,0,0,0,0,0,0,0,0,0,8,8,2.3742028613892883,2.3742028613892883,22.0,22.0,22.0,0.0,0.0,0,0,0,0,0,0,0,0,1.0,33.0,22.0,22.0,0,0,0,0,0,0,1,22,1,22,-1,-1,1,0,0,0,0,0,0,0,0,0,No Label
131.202.240.242-224.0.0.252-57905-5355-17,131.202.240.242,57905,224.0.0.252,5355,17,29/04/2015 12:50:03 PM,418403,1,1,22.0,22.0,22.0,22.0,22.0,0.0,22.0,22.0,22.0,0.0,105.16176987258694,4.780080448753952,418403.0,0.0,418403.0,418403.0,0,0,0,0,0,0,0,0,0,0,0,0,0,0,8,8,2.390040224376976,2.390040224376976,22.0,22.0,22.0,0.0,0.0,0,0,0,0,0,0,0,0,1.0,33.0,22.0,22.0,0,0,0,0,0,0,1,22,1,22,-1,-1,1,0,0,0,0,0,0,0,0,0,No Label
131.202.240.242-224.0.0.252-50737-5355-17,131.202.240.242,50737,224.0.0.252,5355,17,29/04/2015 12:45:14 PM,420921,1,1,22.0,22.0,22.0,22.0,22.0,0.0,22.0,22.0,22.0,0.0,104.53267952893773,4.751485433133533,420921.0,0.0,420921.0,420921.0,0,0,0,0,0,0,0,0,0,0,0,0,0,0,8,8,2.3757427165667666,2.3757427165667666,22.0,22.0,22.0,0.0,0.0,0,0,0,0,0,0,0,0,1.0,33.0,22.0,22.0,0,0,0,0,0,0,1,22,1,22,-1,-1,1,0,0,0,0,0,0,0,0,0,No Label
131.202.240.242-224.0.0.252-59011-5355-17,131.202.240.242,59011,224.0.0.252,5355,17,29/04/2015 12:43:14 PM,420985,1,1,22.0,22.0,22.0,22.0,22.0,0.0,22.0,22.0,22.0,0.0,104.51678800907396,4.750763091321543,420985.0,0.0,420985.0,420985.0,0,0,0,0,0,0,0,0,0,0,0,0,0,0,8,8,2.3753815456607716,2.3753815456607716,22.0,22.0,22.0,0.0,0.0,0,0,0,0,0,0,0,0,1.0,33.0,22.0,22.0,0,0,0,0,0,0,1,22,1,22,-1,-1,1,0,0,0,0,0,0,0,0,0,No Label
131.202.240.242-224.0.0.252-55232-5355-17,131.202.240.242,55232,224.0.0.252,5355,17,29/04/2015 12:44:46 PM,420391,1,1,22.0,22.0,22.0,22.0,22.0,0.0,22.0,22.0,22.0,0.0,104.66446712703174,4.757475778501442,420391.0,0.0,420391.0,420391.0,0,0,0,0,0,0,0,0,0,0,0,0,0,0,8,8,2.378737889250721,2.378737889250721,22.0,22.0,22.0,0.0,0.0,0,0,0,0,0,0,0,0,1.0,33.0,22.0,22.0,0,0,0,0,0,0,1,22,1,22,-1,-1,1,0,0,0,0,0,0,0,0,0,No Label
131.202.240.242-131.202.243.255-137-137-17,131.202.240.242,137,131.202.243.255,137,17,29/04/2015 12:53:34 PM,15478182,14,1,700.0,50.0,50.0,50.0,50.0,0.0,50.0,50.0,50.0,0.0,48.45530308404437,0.9691060616808873,1105584.4285714284,1170700.9370521256,4319703.0,263887.0,1.4730224E7,1133094.1538461538,1213785.1960217154,4319703.0,263887.0,0,0,0,0,0,0,0,0,0,112,8,0.9044989909021615,0.06460707077872582,50.0,50.0,50.0,0.0,0.0,0,0,0,0,0,0,0,0,0.0,53.333333333333336,50.0,50.0,0,0,0,0,0,0,14,700,1,50,-1,-1,14,0,0,0,0,0,0,0,0,0,No Label
131.202.240.242-224.0.0.252-63842-5355-17,131.202.240.242,63842,224.0.0.252,5355,17,29/04/2015 12:45:14 PM,420660,1,1,22.0,22.0,22.0,22.0,22.0,0.0,22.0,22.0,22.0,0.0,104.59753720344222,4.754433509247374,420660.0,0.0,420660.0,420660.0,0,0,0,0,0,0,0,0,0,0,0,0,0,0,8,8,2.377216754623687,2.377216754623687,22.0,22.0,22.0,0.0,0.0,0,0,0,0,0,0,0,0,1.0,33.0,22.0,22.0,0,0,0,0,0,0,1,22,1,22,-1,-1,1,0,0,0,0,0,0,0,0,0,No Label
131.202.240.242-224.0.0.252-58281-5355-17,131.202.240.242,58281,224.0.0.252,5355,17,29/04/2015 12:51:01 PM,420661,1,1,22.0,22.0,22.0,22.0,22.0,0.0,22.0,22.0,22.0,0.0,104.59728855301537,4.754422206955244,420661.0,0.0,420661.0,420661.0,0,0,0,0,0,0,0,0,0,0,0,0,0,0,8,8,2.377211103477622,2.377211103477622,22.0,22.0,22.0,0.0,0.0,0,0,0,0,0,0,0,0,1.0,33.0,22.0,22.0,0,0,0,0,0,0,1,22,1,22,-1,-1,1,0,0,0,0,0,0,0,0,0,No Label
131.202.240.242-224.0.0.252-51351-5355-17,131.202.240.242,51351,224.0.0.252,5355,17,29/04/2015 12:50:03 PM,418095,1,1,22.0,22.0,22.0,22.0,22.0,0.0,22.0,22.0,22.0,0.0,105.23923988567192,4.783601812985087,418095.0,0.0,418095.0,418095.0,0,0,0,0,0,0,0,0,0,0,0,0,0,0,8,8,2.3918009064925436,2.3918009064925436,22.0,22.0,22.0,0.0,0.0,0,0,0,0,0,0,0,0,1.0,33.0,22.0,22.0,0,0,0,0,0,0,1,22,1,22,-1,-1,1,0,0,0,0,0,0,0,0,0,No Label
131.202.240.242-224.0.0.252-60035-5355-17,131.202.240.242,60035,224.0.0.252,5355,17,29/04/2015 12:44:39 PM,419850,1,1,22.0,22.0,22.0,22.0,22.0,0.0,22.0,22.0,22.0,0.0,104.79933309515303,4.763606049779683,419850.0,0.0,419850.0,419850.0,0,0,0,0,0,0,0,0,0,0,0,0,0,0,8,8,2.3818030248898414,2.3818030248898414,22.0,22.0,22.0,0.0,0.0,0,0,0,0,0,0,0,0,1.0,33.0,22.0,22.0,0,0,0,0,0,0,1,22,1,22,-1,-1,1,0,0,0,0,0,0,0,0,0,No Label
131.202.240.242-224.0.0.252-54747-5355-17,131.202.240.242,54747,224.0.0.252,5355,17,29/04/2015 12:49:38 PM,420770,1,1,22.0,22.0,22.0,22.0,22.0,0.0,22.0,22.0,22.0,0.0,104.57019274187799,4.753190579176272,420770.0,0.0,420770.0,420770.0,0,0,0,0,0,0,0,0,0,0,0,0,0,0,8,8,2.376595289588136,2.376595289588136,22.0,22.0,22.0,0.0,0.0,0,0,0,0,0,0,0,0,1.0,33.0,22.0,22.0,0,0,0,0,0,0,1,22,1,22,-1,-1,1,0,0,0,0,0,0,0,0,0,No Label
131.202.240.242-224.0.0.252-53092-5355-17,131.202.240.242,53092,224.0.0.252,5355,17,29/04/2015 12:43:56 PM,420955,1,1,22.0,22.0,22.0,22.0,22.0,0.0,22.0,22.0,22.0,0.0,104.52423655735173,4.751101661697806,420955.0,0.0,420955.0,420955.0,0,0,0,0,0,0,0,0,0,0,0,0,0,0,8,8,2.375550830848903,2.375550830848903,22.0,22.0,22.0,0.0,0.0,0,0,0,0,0,0,0,0,1.0,33.0,22.0,22.0,0,0,0,0,0,0,1,22,1,22,-1,-1,1,0,0,0,0,0,0,0,0,0,No Label
131.202.240.242-224.0.0.252-64485-5355-17,131.202.240.242,64485,224.0.0.252,5355,17,29/04/2015 12:51:00 PM,423145,1,1,22.0,22.0,22.0,22.0,22.0,0.0,22.0,22.0,22.0,0.0,103.98326814685274,4.726512188493306,423145.0,0.0,423145.0,423145.0,0,0,0,0,0,0,0,0,0,0,0,0,0,0,8,8,2.363256094246653,2.363256094246653,22.0,22.0,22.0,0.0,0.0,0,0,0,0,0,0,0,0,1.0,33.0,22.0,22.0,0,0,0,0,0,0,1,22,1,22,-1,-1,1,0,0,0,0,0,0,0,0,0,No Label
131.202.240.242-224.0.0.252-56033-5355-17,131.202.240.242,56033,224.0.0.252,5355,17,29/04/2015 12:43:58 PM,420934,1,1,22.0,22.0,22.0,22.0,22.0,0.0,22.0,22.0,22.0,0.0,104.52945117286797,4.7513386896758165,420934.0,0.0,420934.0,420934.0,0,0,0,0,0,0,0,0,0,0,0,0,0,0,8,8,2.3756693448379083,2.3756693448379083,22.0,22.0,22.0,0.0,0.0,0,0,0,0,0,0,0,0,1.0,33.0,22.0,22.0,0,0,0,0,0,0,1,22,1,22,-1,-1,1,0,0,0,0,0,0,0,0,0,No Label
131.202.240.242-224.0.0.252-64058-5355-17,131.202.240.242,64058,224.0.0.252,5355,17,29/04/2015 12:47:47 PM,411086,1,1,22.0,22.0,22.0,22.0,22.0,0.0,22.0,22.0,22.0,0.0,107.0335647528741,4.86516203422155,411086.0,0.0,411086.0,411086.0,0,0,0,0,0,0,0,0,0,0,0,0,0,0,8,8,2.432581017110775,2.432581017110775,22.0,22.0,22.0,0.0,0.0,0,0,0,0,0,0,0,0,1.0,33.0,22.0,22.0,0,0,0,0,0,0,1,22,1,22,-1,-1,1,0,0,0,0,0,0,0,0,0,No Label
131.202.240.242-224.0.0.252-50639-5355-17,131.202.240.242,50639,224.0.0.252,5355,17,29/04/2015 12:48:51 PM,419613,1,1,22.0,22.0,22.0,22.0,22.0,0.0,22.0,22.0,22.0,0.0,104.85852440224683,4.766296563738492,419613.0,0.0,419613.0,419613.0,0,0,0,0,0,0,0,0,0,0,0,0,0,0,8,8,2.383148281869246,2.383148281869246,22.0,22.0,22.0,0.0,0.0,0,0,0,0,0,0,0,0,1.0,33.0,22.0,22.0,0,0,0,0,0,0,1,22,1,22,-1,-1,1,0,0,0,0,0,0,0,0,0,No Label
131.202.240.242-224.0.0.252-60059-5355-17,131.202.240.242,60059,224.0.0.252,5355,17,29/04/2015 12:51:04 PM,423514,1,1,22.0,22.0,22.0,22.0,22.0,0.0,22.0,22.0,22.0,0.0,103.89266942769306,4.7223940648951395,423514.0,0.0,423514.0,423514.0,0,0,0,0,0,0,0,0,0,0,0,0,0,0,8,8,2.3611970324475697,2.3611970324475697,22.0,22.0,22.0,0.0,0.0,0,0,0,0,0,0,0,0,1.0,33.0,22.0,22.0,0,0,0,0,0,0,1,22,1,22,-1,-1,1,0,0,0,0,0,0,0,0,0,No Label
131.202.240.242-224.0.0.252-59281-5355-17,131.202.240.242,59281,224.0.0.252,5355,17,29/04/2015 12:46:49 PM,420420,1,1,22.0,22.0,22.0,22.0,22.0,0.0,22.0,22.0,22.0,0.0,104.65724751439036,4.757147614290472,420420.0,0.0,420420.0,420420.0,0,0,0,0,0,0,0,0,0,0,0,0,0,0,8,8,2.378573807145236,2.378573807145236,22.0,22.0,22.0,0.0,0.0,0,0,0,0,0,0,0,0,1.0,33.0,22.0,22.0,0,0,0,0,0,0,1,22,1,22,-1,-1,1,0,0,0,0,0,0,0,0,0,No Label
131.202.240.242-224.0.0.252-54680-5355-17,131.202.240.242,54680,224.0.0.252,5355,17,29/04/2015 12:51:31 PM,409314,1,1,22.0,22.0,22.0,22.0,22.0,0.0,22.0,22.0,22.0,0.0,107.49693389427188,4.886224267921449,409314.0,0.0,409314.0,409314.0,0,0,0,0,0,0,0,0,0,0,0,0,0,0,8,8,2.4431121339607245,2.4431121339607245,22.0,22.0,22.0,0.0,0.0,0,0,0,0,0,0,0,0,1.0,33.0,22.0,22.0,0,0,0,0,0,0,1,22,1,22,-1,-1,1,0,0,0,0,0,0,0,0,0,No Label
131.202.240.242-224.0.0.252-55512-5355-17,131.202.240.242,55512,224.0.0.252,5355,17,29/04/2015 12:46:52 PM,421973,1,1,22.0,22.0,22.0,22.0,22.0,0.0,22.0,22.0,22.0,0.0,104.27207427963401,4.739639739983364,421973.0,0.0,421973.0,421973.0,0,0,0,0,0,0,0,0,0,0,0,0,0,0,8,8,2.369819869991682,2.369819869991682,22.0,22.0,22.0,0.0,0.0,0,0,0,0,0,0,0,0,1.0,33.0,22.0,22.0,0,0,0,0,0,0,1,22,1,22,-1,-1,1,0,0,0,0,0,0,0,0,0,No Label
131.202.240.242-224.0.0.252-54541-5355-17,131.202.240.242,54541,224.0.0.252,5355,17,29/04/2015 12:51:25 PM,421337,1,1,22.0,22.0,22.0,22.0,22.0,0.0,22.0,22.0,22.0,0.0,104.4294709460598,4.746794133911809,421337.0,0.0,421337.0,421337.0,0,0,0,0,0,0,0,0,0,0,0,0,0,0,8,8,2.3733970669559046,2.3733970669559046,22.0,22.0,22.0,0.0,0.0,0,0,0,0,0,0,0,0,1.0,33.0,22.0,22.0,0,0,0,0,0,0,1,22,1,22,-1,-1,1,0,0,0,0,0,0,0,0,0,No Label
131.202.240.242-131.202.244.3-56691-53-17,131.202.240.242,56691,131.202.244.3,53,17,29/04/2015 12:44:34 PM,377,0,2,0.0,300.0,0,0,0,0,258.0,42.0,150.0,152.73506473629428,795755.9681697612,5305.039787798409,377.0,0.0,377.0,377.0,0,0,0,0,0,377.0,377.0,0.0,377.0,377.0,0,0,0,0,0,16,0.0,5305.039787798409,42.0,258.0,114.0,124.70765814495917,15552.0,0,0,0,0,0,0,0,0,0.0,171.0,0.0,150.0,0,0,0,0,0,0,0,0,2,300,-1,-1,0,0,0,0,0,0,0,0,0,0,No Label
131.202.240.242-224.0.0.252-54075-5355-17,131.202.240.242,54075,224.0.0.252,5355,17,29/04/2015 12:48:20 PM,423126,1,1,22.0,22.0,22.0,22.0,22.0,0.0,22.0,22.0,22.0,0.0,103.98793739926168,4.7267244272391675,423126.0,0.0,423126.0,423126.0,0,0,0,0,0,0,0,0,0,0,0,0,0,0,8,8,2.3633622136195838,2.3633622136195838,22.0,22.0,22.0,0.0,0.0,0,0,0,0,0,0,0,0,1.0,33.0,22.0,22.0,0,0,0,0,0,0,1,22,1,22,-1,-1,1,0,0,0,0,0,0,0,0,0,No Label
131.202.240.242-224.0.0.252-56642-5355-17,131.202.240.242,56642,224.0.0.252,5355,17,29/04/2015 12:48:40 PM,415919,1,1,22.0,22.0,22.0,22.0,22.0,0.0,22.0,22.0,22.0,0.0,105.78982926964144,4.808628603165521,415919.0,0.0,415919.0,415919.0,0,0,0,0,0,0,0,0,0,0,0,0,0,0,8,8,2.4043143015827604,2.4043143015827604,22.0,22.0,22.0,0.0,0.0,0,0,0,0,0,0,0,0,1.0,33.0,22.0,22.0,0,0,0,0,0,0,1,22,1,22,-1,-1,1,0,0,0,0,0,0,0,0,0,No Label
131.202.240.242-224.0.0.252-60436-5355-17,131.202.240.242,60436,224.0.0.252,5355,17,29/04/2015 12:43:09 PM,420954,1,1,22.0,22.0,22.0,22.0,22.0,0.0,22.0,22.0,22.0,0.0,104.5244848605786,4.751112948208118,420954.0,0.0,420954.0,420954.0,0,0,0,0,0,0,0,0,0,0,0,0,0,0,8,8,2.375556474104059,2.375556474104059,22.0,22.0,22.0,0.0,0.0,0,0,0,0,0,0,0,0,1.0,33.0,22.0,22.0,0,0,0,0,0,0,1,22,1,22,-1,-1,1,0,0,0,0,0,0,0,0,0,No Label
131.202.240.242-224.0.0.252-49913-5355-17,131.202.240.242,49913,224.0.0.252,5355,17,29/04/2015 12:53:11 PM,411063,1,1,22.0,22.0,22.0,22.0,22.0,0.0,22.0,22.0,22.0,0.0,107.03955354775302,4.8654342521705916,411063.0,0.0,411063.0,411063.0,0,0,0,0,0,0,0,0,0,0,0,0,0,0,8,8,2.4327171260852958,2.4327171260852958,22.0,22.0,22.0,0.0,0.0,0,0,0,0,0,0,0,0,1.0,33.0,22.0,22.0,0,0,0,0,0,0,1,22,1,22,-1,-1,1,0,0,0,0,0,0,0,0,0,No Label
131.202.240.242-131.202.244.5-63140-53-17,131.202.240.242,63140,131.202.244.5,53,17,29/04/2015 12:44:31 PM,46012,0,2,0.0,156.0,0,0,0,0,114.0,42.0,78.0,50.91168824543142,3390.4198904633577,43.46692167260715,46012.0,0.0,46012.0,46012.0,0,0,0,0,0,46012.0,46012.0,0.0,46012.0,46012.0,0,0,0,0,0,16,0.0,43.46692167260715,42.0,114.0,66.0,41.569219381653056,1728.0,0,0,0,0,0,0,0,0,0.0,99.0,0.0,78.0,0,0,0,0,0,0,0,0,2,156,-1,-1,0,0,0,0,0,0,0,0,0,0,No Label
131.202.240.242-224.0.0.252-49303-5355-17,131.202.240.242,49303,224.0.0.252,5355,17,29/04/2015 12:49:30 PM,420690,1,1,22.0,22.0,22.0,22.0,22.0,0.0,22.0,22.0,22.0,0.0,104.59007820485392,4.754094463856997,420690.0,0.0,420690.0,420690.0,0,0,0,0,0,0,0,0,0,0,0,0,0,0,8,8,2.3770472319284983,2.3770472319284983,22.0,22.0,22.0,0.0,0.0,0,0,0,0,0,0,0,0,1.0,33.0,22.0,22.0,0,0,0,0,0,0,1,22,1,22,-1,-1,1,0,0,0,0,0,0,0,0,0,No Label
131.202.240.242-224.0.0.252-56804-5355-17,131.202.240.242,56804,224.0.0.252,5355,17,29/04/2015 12:53:48 PM,410712,1,1,22.0,22.0,22.0,22.0,22.0,0.0,22.0,22.0,22.0,0.0,107.1310309900855,4.8695923177311595,410712.0,0.0,410712.0,410712.0,0,0,0,0,0,0,0,0,0,0,0,0,0,0,8,8,2.4347961588655798,2.4347961588655798,22.0,22.0,22.0,0.0,0.0,0,0,0,0,0,0,0,0,1.0,33.0,22.0,22.0,0,0,0,0,0,0,1,22,1,22,-1,-1,1,0,0,0,0,0,0,0,0,0,No Label
131.202.240.242-224.0.0.252-57782-5355-17,131.202.240.242,57782,224.0.0.252,5355,17,29/04/2015 12:46:39 PM,420870,1,1,22.0,22.0,22.0,22.0,22.0,0.0,22.0,22.0,22.0,0.0,104.54534654406348,4.7520612065483405,420870.0,0.0,420870.0,420870.0,0,0,0,0,0,0,0,0,0,0,0,0,0,0,8,8,2.3760306032741703,2.3760306032741703,22.0,22.0,22.0,0.0,0.0,0,0,0,0,0,0,0,0,1.0,33.0,22.0,22.0,0,0,0,0,0,0,1,22,1,22,-1,-1,1,0,0,0,0,0,0,0,0,0,No Label
131.202.240.242-224.0.0.252-64157-5355-17,131.202.240.242,64157,224.0.0.252,5355,17,29/04/2015 12:53:06 PM,420616,1,1,22.0,22.0,22.0,22.0,22.0,0.0,22.0,22.0,22.0,0.0,104.60847899271545,4.754930863305248,420616.0,0.0,420616.0,420616.0,0,0,0,0,0,0,0,0,0,0,0,0,0,0,8,8,2.377465431652624,2.377465431652624,22.0,22.0,22.0,0.0,0.0,0,0,0,0,0,0,0,0,1.0,33.0,22.0,22.0,0,0,0,0,0,0,1,22,1,22,-1,-1,1,0,0,0,0,0,0,0,0,0,No Label
131.202.240.242-224.0.0.252-51091-5355-17,131.202.240.242,51091,224.0.0.252,5355,17,29/04/2015 12:43:45 PM,411276,1,1,22.0,22.0,22.0,22.0,22.0,0.0,22.0,22.0,22.0,0.0,106.98411772143281,4.8629144418833095,411276.0,0.0,411276.0,411276.0,0,0,0,0,0,0,0,0,0,0,0,0,0,0,8,8,2.4314572209416547,2.4314572209416547,22.0,22.0,22.0,0.0,0.0,0,0,0,0,0,0,0,0,1.0,33.0,22.0,22.0,0,0,0,0,0,0,1,22,1,22,-1,-1,1,0,0,0,0,0,0,0,0,0,No Label
131.202.240.242-224.0.0.252-51461-5355-17,131.202.240.242,51461,224.0.0.252,5355,17,29/04/2015 12:49:34 PM,420961,1,1,22.0,22.0,22.0,22.0,22.0,0.0,22.0,22.0,22.0,0.0,104.52274676276426,4.751033943762011,420961.0,0.0,420961.0,420961.0,0,0,0,0,0,0,0,0,0,0,0,0,0,0,8,8,2.3755169718810056,2.3755169718810056,22.0,22.0,22.0,0.0,0.0,0,0,0,0,0,0,0,0,1.0,33.0,22.0,22.0,0,0,0,0,0,0,1,22,1,22,-1,-1,1,0,0,0,0,0,0,0,0,0,No Label
131.202.240.242-224.0.0.252-56059-5355-17,131.202.240.242,56059,224.0.0.252,5355,17,29/04/2015 12:46:52 PM,421571,1,1,22.0,22.0,22.0,22.0,22.0,0.0,22.0,22.0,22.0,0.0,104.37150563013111,4.744159346824142,421571.0,0.0,421571.0,421571.0,0,0,0,0,0,0,0,0,0,0,0,0,0,0,8,8,2.372079673412071,2.372079673412071,22.0,22.0,22.0,0.0,0.0,0,0,0,0,0,0,0,0,1.0,33.0,22.0,22.0,0,0,0,0,0,0,1,22,1,22,-1,-1,1,0,0,0,0,0,0,0,0,0,No Label
131.202.240.242-224.0.0.252-56104-5355-17,131.202.240.242,56104,224.0.0.252,5355,17,29/04/2015 12:45:00 PM,419888,1,1,22.0,22.0,22.0,22.0,22.0,0.0,22.0,22.0,22.0,0.0,104.78984872156386,4.7631749418892655,419888.0,0.0,419888.0,419888.0,0,0,0,0,0,0,0,0,0,0,0,0,0,0,8,8,2.3815874709446327,2.3815874709446327,22.0,22.0,22.0,0.0,0.0,0,0,0,0,0,0,0,0,1.0,33.0,22.0,22.0,0,0,0,0,0,0,1,22,1,22,-1,-1,1,0,0,0,0,0,0,0,0,0,No Label
131.202.240.242-224.0.0.252-62606-5355-17,131.202.240.242,62606,224.0.0.252,5355,17,29/04/2015 12:48:25 PM,412975,1,1,22.0,22.0,22.0,22.0,22.0,0.0,22.0,22.0,22.0,0.0,106.5439796597857,4.8429081663538955,412975.0,0.0,412975.0,412975.0,0,0,0,0,0,0,0,0,0,0,0,0,0,0,8,8,2.4214540831769478,2.4214540831769478,22.0,22.0,22.0,0.0,0.0,0,0,0,0,0,0,0,0,1.0,33.0,22.0,22.0,0,0,0,0,0,0,1,22,1,22,-1,-1,1,0,0,0,0,0,0,0,0,0,No Label
131.202.240.242-224.0.0.252-55657-5355-17,131.202.240.242,55657,224.0.0.252,5355,17,29/04/2015 12:52:48 PM,413225,1,1,22.0,22.0,22.0,22.0,22.0,0.0,22.0,22.0,22.0,0.0,106.4795208421562,4.8399782200980095,413225.0,0.0,413225.0,413225.0,0,0,0,0,0,0,0,0,0,0,0,0,0,0,8,8,2.4199891100490047,2.4199891100490047,22.0,22.0,22.0,0.0,0.0,0,0,0,0,0,0,0,0,1.0,33.0,22.0,22.0,0,0,0,0,0,0,1,22,1,22,-1,-1,1,0,0,0,0,0,0,0,0,0,No Label
131.202.240.242-224.0.0.252-61517-5355-17,131.202.240.242,61517,224.0.0.252,5355,17,29/04/2015 12:47:13 PM,421047,1,1,22.0,22.0,22.0,22.0,22.0,0.0,22.0,22.0,22.0,0.0,104.50139770619433,4.750063532099742,421047.0,0.0,421047.0,421047.0,0,0,0,0,0,0,0,0,0,0,0,0,0,0,8,8,2.375031766049871,2.375031766049871,22.0,22.0,22.0,0.0,0.0,0,0,0,0,0,0,0,0,1.0,33.0,22.0,22.0,0,0,0,0,0,0,1,22,1,22,-1,-1,1,0,0,0,0,0,0,0,0,0,No Label
131.202.240.242-224.0.0.252-57645-5355-17,131.202.240.242,57645,224.0.0.252,5355,17,29/04/2015 12:48:16 PM,410590,1,1,22.0,22.0,22.0,22.0,22.0,0.0,22.0,22.0,22.0,0.0,107.16286319686304,4.871039236221048,410590.0,0.0,410590.0,410590.0,0,0,0,0,0,0,0,0,0,0,0,0,0,0,8,8,2.435519618110524,2.435519618110524,22.0,22.0,22.0,0.0,0.0,0,0,0,0,0,0,0,0,1.0,33.0,22.0,22.0,0,0,0,0,0,0,1,22,1,22,-1,-1,1,0,0,0,0,0,0,0,0,0,No Label
131.202.240.242-224.0.0.252-56954-5355-17,131.202.240.242,56954,224.0.0.252,5355,17,29/04/2015 12:48:01 PM,420471,1,1,22.0,22.0,22.0,22.0,22.0,0.0,22.0,22.0,22.0,0.0,104.64455336991136,4.756570607723244,420471.0,0.0,420471.0,420471.0,0,0,0,0,0,0,0,0,0,0,0,0,0,0,8,8,2.378285303861622,2.378285303861622,22.0,22.0,22.0,0.0,0.0,0,0,0,0,0,0,0,0,1.0,33.0,22.0,22.0,0,0,0,0,0,0,1,22,1,22,-1,-1,1,0,0,0,0,0,0,0,0,0,No Label
131.202.240.242-224.0.0.252-63903-5355-17,131.202.240.242,63903,224.0.0.252,5355,17,29/04/2015 12:47:34 PM,422551,1,1,22.0,22.0,22.0,22.0,22.0,0.0,22.0,22.0,22.0,0.0,104.12944236317036,4.733156471053198,422551.0,0.0,422551.0,422551.0,0,0,0,0,0,0,0,0,0,0,0,0,0,0,8,8,2.366578235526599,2.366578235526599,22.0,22.0,22.0,0.0,0.0,0,0,0,0,0,0,0,0,1.0,33.0,22.0,22.0,0,0,0,0,0,0,1,22,1,22,-1,-1,1,0,0,0,0,0,0,0,0,0,No Label
131.202.240.242-224.0.0.252-58535-5355-17,131.202.240.242,58535,224.0.0.252,5355,17,29/04/2015 12:45:26 PM,416635,1,1,22.0,22.0,22.0,22.0,22.0,0.0,22.0,22.0,22.0,0.0,105.60802620999196,4.8003648277269075,416635.0,0.0,416635.0,416635.0,0,0,0,0,0,0,0,0,0,0,0,0,0,0,8,8,2.4001824138634538,2.4001824138634538,22.0,22.0,22.0,0.0,0.0,0,0,0,0,0,0,0,0,1.0,33.0,22.0,22.0,0,0,0,0,0,0,1,22,1,22,-1,-1,1,0,0,0,0,0,0,0,0,0,No Label
131.202.240.242-131.202.244.3-63140-53-17,131.202.240.242,63140,131.202.244.3,53,17,29/04/2015 12:44:31 PM,485487,0,2,0.0,156.0,0,0,0,0,114.0,42.0,78.0,50.91168824543142,321.32683264433444,4.119574777491468,485487.0,0.0,485487.0,485487.0,0,0,0,0,0,485487.0,485487.0,0.0,485487.0,485487.0,0,0,0,0,0,16,0.0,4.119574777491468,42.0,114.0,66.0,41.569219381653056,1728.0,0,0,0,0,0,0,0,0,0.0,99.0,0.0,78.0,0,0,0,0,0,0,0,0,2,156,-1,-1,0,0,0,0,0,0,0,0,0,0,No Label
131.202.240.242-224.0.0.252-54424-5355-17,131.202.240.242,54424,224.0.0.252,5355,17,29/04/2015 12:49:43 PM,420838,1,1,22.0,22.0,22.0,22.0,22.0,0.0,22.0,22.0,22.0,0.0,104.55329604265775,4.752422547393534,420838.0,0.0,420838.0,420838.0,0,0,0,0,0,0,0,0,0,0,0,0,0,0,8,8,2.376211273696767,2.376211273696767,22.0,22.0,22.0,0.0,0.0,0,0,0,0,0,0,0,0,1.0,33.0,22.0,22.0,0,0,0,0,0,0,1,22,1,22,-1,-1,1,0,0,0,0,0,0,0,0,0,No Label
131.202.240.242-224.0.0.252-53826-5355-17,131.202.240.242,53826,224.0.0.252,5355,17,29/04/2015 12:43:42 PM,420968,1,1,22.0,22.0,22.0,22.0,22.0,0.0,22.0,22.0,22.0,0.0,104.52100872275327,4.750954941943331,420968.0,0.0,420968.0,420968.0,0,0,0,0,0,0,0,0,0,0,0,0,0,0,8,8,2.3754774709716653,2.3754774709716653,22.0,22.0,22.0,0.0,0.0,0,0,0,0,0,0,0,0,1.0,33.0,22.0,22.0,0,0,0,0,0,0,1,22,1,22,-1,-1,1,0,0,0,0,0,0,0,0,0,No Label
131.202.240.242-209.148.205.8-32457-80-6,131.202.240.242,32457,209.148.205.8,80,6,29/04/2015 12:53:27 PM,256516,3,4,923.0,537.0,923.0,0.0,307.66666666666663,532.8942984620246,537.0,0.0,134.25,268.5,5691.652762400786,27.288746121099656,42752.666666666664,33721.14555389046,91280.0,52.0,234672.0,117336.0,69183.3274712918,166256.0,68416.0,205725.0,68575.0,40521.08215484873,92653.0,21792.0,0,0,0,0,60,104,11.69517690904271,15.593569212056947,0.0,923.0,182.5,353.3205747921122,124835.42857142855,0,1,0,0,0,0,0,0,1.0,208.57142857142858,307.6666666666667,134.25,0,0,0,0,0,0,3,923,4,537,-1,514,1,0,0,0,0,0,0,0,0,0,No Label
131.202.240.242-224.0.0.252-65020-5355-17,131.202.240.242,65020,224.0.0.252,5355,17,29/04/2015 12:51:26 PM,410092,1,1,22.0,22.0,22.0,22.0,22.0,0.0,22.0,22.0,22.0,0.0,107.29299766881577,4.876954439491626,410092.0,0.0,410092.0,410092.0,0,0,0,0,0,0,0,0,0,0,0,0,0,0,8,8,2.438477219745813,2.438477219745813,22.0,22.0,22.0,0.0,0.0,0,0,0,0,0,0,0,0,1.0,33.0,22.0,22.0,0,0,0,0,0,0,1,22,1,22,-1,-1,1,0,0,0,0,0,0,0,0,0,No Label
131.202.240.242-224.0.0.252-50276-5355-17,131.202.240.242,50276,224.0.0.252,5355,17,29/04/2015 12:44:12 PM,421524,1,1,22.0,22.0,22.0,22.0,22.0,0.0,22.0,22.0,22.0,0.0,104.38314307133165,4.7446883214241655,421524.0,0.0,421524.0,421524.0,0,0,0,0,0,0,0,0,0,0,0,0,0,0,8,8,2.3723441607120828,2.3723441607120828,22.0,22.0,22.0,0.0,0.0,0,0,0,0,0,0,0,0,1.0,33.0,22.0,22.0,0,0,0,0,0,0,1,22,1,22,-1,-1,1,0,0,0,0,0,0,0,0,0,No Label
131.202.240.242-131.202.6.3-54743-53-17,131.202.240.242,54743,131.202.6.3,53,17,29/04/2015 12:52:26 PM,85576,0,2,0.0,469.0,0,0,0,0,426.0,43.0,234.5,270.82189719444773,5480.508553800131,23.371038608955782,85576.0,0.0,85576.0,85576.0,0,0,0,0,0,85576.0,85576.0,0.0,85576.0,85576.0,0,0,0,0,0,16,0.0,23.371038608955782,43.0,426.0,170.66666666666669,221.1251530996267,48896.333333333336,0,0,0,0,0,0,0,0,0.0,256.0,0.0,234.5,0,0,0,0,0,0,0,0,2,469,-1,-1,0,0,0,0,0,0,0,0,0,0,No Label
131.202.240.242-224.0.0.252-61224-5355-17,131.202.240.242,61224,224.0.0.252,5355,17,29/04/2015 12:44:04 PM,421011,1,1,22.0,22.0,22.0,22.0,22.0,0.0,22.0,22.0,22.0,0.0,104.51033345922077,4.750469702691853,421011.0,0.0,421011.0,421011.0,0,0,0,0,0,0,0,0,0,0,0,0,0,0,8,8,2.3752348513459265,2.3752348513459265,22.0,22.0,22.0,0.0,0.0,0,0,0,0,0,0,0,0,1.0,33.0,22.0,22.0,0,0,0,0,0,0,1,22,1,22,-1,-1,1,0,0,0,0,0,0,0,0,0,No Label
131.202.240.242-224.0.0.252-52261-5355-17,131.202.240.242,52261,224.0.0.252,5355,17,29/04/2015 12:43:16 PM,420930,1,1,22.0,22.0,22.0,22.0,22.0,0.0,22.0,22.0,22.0,0.0,104.53044449195828,4.751383840543558,420930.0,0.0,420930.0,420930.0,0,0,0,0,0,0,0,0,0,0,0,0,0,0,8,8,2.375691920271779,2.375691920271779,22.0,22.0,22.0,0.0,0.0,0,0,0,0,0,0,0,0,1.0,33.0,22.0,22.0,0,0,0,0,0,0,1,22,1,22,-1,-1,1,0,0,0,0,0,0,0,0,0,No Label
131.202.240.242-178.237.19.227-31776-443-6,131.202.240.242,31776,178.237.19.227,443,6,29/04/2015 12:53:22 PM,174037,0,2,0.0,6.0,0,0,0,0,6.0,0.0,3.0,4.242640687119285,34.475427638950336,11.491809212983446,174037.0,0.0,174037.0,174037.0,0,0,0,0,0,174037.0,174037.0,0.0,174037.0,174037.0,0,1,0,0,0,40,0.0,11.491809212983446,0.0,6.0,4.0,3.4641016151377544,12.0,0,0,0,1,1,0,0,0,0.0,6.0,0.0,3.0,0,0,0,0,0,0,0,0,2,6,-1,16384,0,0,0,0,0,0,0,0,0,0,No Label
131.202.240.242-224.0.0.252-64465-5355-17,131.202.240.242,64465,224.0.0.252,5355,17,29/04/2015 12:44:10 PM,420939,1,1,22.0,22.0,22.0,22.0,22.0,0.0,22.0,22.0,22.0,0.0,104.52820955055245,4.751282252297838,420939.0,0.0,420939.0,420939.0,0,0,0,0,0,0,0,0,0,0,0,0,0,0,8,8,2.375641126148919,2.375641126148919,22.0,22.0,22.0,0.0,0.0,0,0,0,0,0,0,0,0,1.0,33.0,22.0,22.0,0,0,0,0,0,0,1,22,1,22,-1,-1,1,0,0,0,0,0,0,0,0,0,No Label
131.202.240.242-224.0.0.252-64359-5355-17,131.202.240.242,64359,224.0.0.252,5355,17,29/04/2015 12:46:27 PM,420717,1,1,22.0,22.0,22.0,22.0,22.0,0.0,22.0,22.0,22.0,0.0,104.5833660156352,4.753789364347055,420717.0,0.0,420717.0,420717.0,0,0,0,0,0,0,0,0,0,0,0,0,0,0,8,8,2.3768946821735275,2.3768946821735275,22.0,22.0,22.0,0.0,0.0,0,0,0,0,0,0,0,0,1.0,33.0,22.0,22.0,0,0,0,0,0,0,1,22,1,22,-1,-1,1,0,0,0,0,0,0,0,0,0,No Label
131.202.240.242-224.0.0.252-51648-5355-17,131.202.240.242,51648,224.0.0.252,5355,17,29/04/2015 12:48:15 PM,420406,1,1,22.0,22.0,22.0,22.0,22.0,0.0,22.0,22.0,22.0,0.0,104.66073272027516,4.7573060327397805,420406.0,0.0,420406.0,420406.0,0,0,0,0,0,0,0,0,0,0,0,0,0,0,8,8,2.3786530163698902,2.3786530163698902,22.0,22.0,22.0,0.0,0.0,0,0,0,0,0,0,0,0,1.0,33.0,22.0,22.0,0,0,0,0,0,0,1,22,1,22,-1,-1,1,0,0,0,0,0,0,0,0,0,No Label
131.202.240.242-224.0.0.252-55539-5355-17,131.202.240.242,55539,224.0.0.252,5355,17,29/04/2015 12:53:06 PM,420916,1,1,22.0,22.0,22.0,22.0,22.0,0.0,22.0,22.0,22.0,0.0,104.53392125744804,4.751541875338547,420916.0,0.0,420916.0,420916.0,0,0,0,0,0,0,0,0,0,0,0,0,0,0,8,8,2.3757709376692735,2.3757709376692735,22.0,22.0,22.0,0.0,0.0,0,0,0,0,0,0,0,0,1.0,33.0,22.0,22.0,0,0,0,0,0,0,1,22,1,22,-1,-1,1,0,0,0,0,0,0,0,0,0,No Label
131.202.240.242-224.0.0.252-64374-5355-17,131.202.240.242,64374,224.0.0.252,5355,17,29/04/2015 12:44:13 PM,421819,1,1,22.0,22.0,22.0,22.0,22.0,0.0,22.0,22.0,22.0,0.0,104.31014250187877,4.7413701137217625,421819.0,0.0,421819.0,421819.0,0,0,0,0,0,0,0,0,0,0,0,0,0,0,8,8,2.3706850568608813,2.3706850568608813,22.0,22.0,22.0,0.0,0.0,0,0,0,0,0,0,0,0,1.0,33.0,22.0,22.0,0,0,0,0,0,0,1,22,1,22,-1,-1,1,0,0,0,0,0,0,0,0,0,No Label
131.202.240.242-224.0.0.252-57729-5355-17,131.202.240.242,57729,224.0.0.252,5355,17,29/04/2015 12:51:26 PM,410419,1,1,22.0,22.0,22.0,22.0,22.0,0.0,22.0,22.0,22.0,0.0,107.20751232277259,4.873068741944208,410419.0,0.0,410419.0,410419.0,0,0,0,0,0,0,0,0,0,0,0,0,0,0,8,8,2.436534370972104,2.436534370972104,22.0,22.0,22.0,0.0,0.0,0,0,0,0,0,0,0,0,1.0,33.0,22.0,22.0,0,0,0,0,0,0,1,22,1,22,-1,-1,1,0,0,0,0,0,0,0,0,0,No Label
131.202.240.242-224.0.0.252-53958-5355-17,131.202.240.242,53958,224.0.0.252,5355,17,29/04/2015 12:47:13 PM,420717,1,1,22.0,22.0,22.0,22.0,22.0,0.0,22.0,22.0,22.0,0.0,104.5833660156352,4.753789364347055,420717.0,0.0,420717.0,420717.0,0,0,0,0,0,0,0,0,0,0,0,0,0,0,8,8,2.3768946821735275,2.3768946821735275,22.0,22.0,22.0,0.0,0.0,0,0,0,0,0,0,0,0,1.0,33.0,22.0,22.0,0,0,0,0,0,0,1,22,1,22,-1,-1,1,0,0,0,0,0,0,0,0,0,No Label
131.202.240.242-224.0.0.252-63683-5355-17,131.202.240.242,63683,224.0.0.252,5355,17,29/04/2015 12:49:23 PM,424153,1,1,22.0,22.0,22.0,22.0,22.0,0.0,22.0,22.0,22.0,0.0,103.7361518131429,4.715279627870132,424153.0,0.0,424153.0,424153.0,0,0,0,0,0,0,0,0,0,0,0,0,0,0,8,8,2.357639813935066,2.357639813935066,22.0,22.0,22.0,0.0,0.0,0,0,0,0,0,0,0,0,1.0,33.0,22.0,22.0,0,0,0,0,0,0,1,22,1,22,-1,-1,1,0,0,0,0,0,0,0,0,0,No Label
131.202.240.242-224.0.0.252-65451-5355-17,131.202.240.242,65451,224.0.0.252,5355,17,29/04/2015 12:49:48 PM,420398,1,1,22.0,22.0,22.0,22.0,22.0,0.0,22.0,22.0,22.0,0.0,104.66272437071537,4.757396562305244,420398.0,0.0,420398.0,420398.0,0,0,0,0,0,0,0,0,0,0,0,0,0,0,8,8,2.378698281152622,2.378698281152622,22.0,22.0,22.0,0.0,0.0,0,0,0,0,0,0,0,0,1.0,33.0,22.0,22.0,0,0,0,0,0,0,1,22,1,22,-1,-1,1,0,0,0,0,0,0,0,0,0,No Label
131.202.240.242-224.0.0.252-65448-5355-17,131.202.240.242,65448,224.0.0.252,5355,17,29/04/2015 12:44:12 PM,418224,1,1,22.0,22.0,22.0,22.0,22.0,0.0,22.0,22.0,22.0,0.0,105.20677914227782,4.782126324648992,418224.0,0.0,418224.0,418224.0,0,0,0,0,0,0,0,0,0,0,0,0,0,0,8,8,2.391063162324496,2.391063162324496,22.0,22.0,22.0,0.0,0.0,0,0,0,0,0,0,0,0,1.0,33.0,22.0,22.0,0,0,0,0,0,0,1,22,1,22,-1,-1,1,0,0,0,0,0,0,0,0,0,No Label
131.202.240.242-224.0.0.252-61888-5355-17,131.202.240.242,61888,224.0.0.252,5355,17,29/04/2015 12:43:31 PM,409493,1,1,22.0,22.0,22.0,22.0,22.0,0.0,22.0,22.0,22.0,0.0,107.44994419929034,4.8840883726950155,409493.0,0.0,409493.0,409493.0,0,0,0,0,0,0,0,0,0,0,0,0,0,0,8,8,2.4420441863475078,2.4420441863475078,22.0,22.0,22.0,0.0,0.0,0,0,0,0,0,0,0,0,1.0,33.0,22.0,22.0,0,0,0,0,0,0,1,22,1,22,-1,-1,1,0,0,0,0,0,0,0,0,0,No Label
131.202.240.242-224.0.0.252-60543-5355-17,131.202.240.242,60543,224.0.0.252,5355,17,29/04/2015 12:48:01 PM,420826,1,1,22.0,22.0,22.0,22.0,22.0,0.0,22.0,22.0,22.0,0.0,104.55627741631933,4.752558064378152,420826.0,0.0,420826.0,420826.0,0,0,0,0,0,0,0,0,0,0,0,0,0,0,8,8,2.376279032189076,2.376279032189076,22.0,22.0,22.0,0.0,0.0,0,0,0,0,0,0,0,0,1.0,33.0,22.0,22.0,0,0,0,0,0,0,1,22,1,22,-1,-1,1,0,0,0,0,0,0,0,0,0,No Label
131.202.240.242-224.0.0.252-56900-5355-17,131.202.240.242,56900,224.0.0.252,5355,17,29/04/2015 12:48:25 PM,412652,1,1,22.0,22.0,22.0,22.0,22.0,0.0,22.0,22.0,22.0,0.0,106.62737609414228,4.846698913370103,412652.0,0.0,412652.0,412652.0,0,0,0,0,0,0,0,0,0,0,0,0,0,0,8,8,2.4233494566850515,2.4233494566850515,22.0,22.0,22.0,0.0,0.0,0,0,0,0,0,0,0,0,1.0,33.0,22.0,22.0,0,0,0,0,0,0,1,22,1,22,-1,-1,1,0,0,0,0,0,0,0,0,0,No Label
131.202.240.242-224.0.0.252-58560-5355-17,131.202.240.242,58560,224.0.0.252,5355,17,29/04/2015 12:50:02 PM,420842,1,1,22.0,22.0,22.0,22.0,22.0,0.0,22.0,22.0,22.0,0.0,104.55230228922018,4.752377376782736,420842.0,0.0,420842.0,420842.0,0,0,0,0,0,0,0,0,0,0,0,0,0,0,8,8,2.376188688391368,2.376188688391368,22.0,22.0,22.0,0.0,0.0,0,0,0,0,0,0,0,0,1.0,33.0,22.0,22.0,0,0,0,0,0,0,1,22,1,22,-1,-1,1,0,0,0,0,0,0,0,0,0,No Label
131.202.240.242-224.0.0.252-59486-5355-17,131.202.240.242,59486,224.0.0.252,5355,17,29/04/2015 12:51:04 PM,423180,1,1,22.0,22.0,22.0,22.0,22.0,0.0,22.0,22.0,22.0,0.0,103.97466798998062,4.726121272271847,423180.0,0.0,423180.0,423180.0,0,0,0,0,0,0,0,0,0,0,0,0,0,0,8,8,2.3630606361359234,2.3630606361359234,22.0,22.0,22.0,0.0,0.0,0,0,0,0,0,0,0,0,1.0,33.0,22.0,22.0,0,0,0,0,0,0,1,22,1,22,-1,-1,1,0,0,0,0,0,0,0,0,0,No Label
131.202.240.242-224.0.0.252-55579-5355-17,131.202.240.242,55579,224.0.0.252,5355,17,29/04/2015 12:48:49 PM,420667,1,1,22.0,22.0,22.0,22.0,22.0,0.0,22.0,22.0,22.0,0.0,104.59579667527997,4.754354394330908,420667.0,0.0,420667.0,420667.0,0,0,0,0,0,0,0,0,0,0,0,0,0,0,8,8,2.377177197165454,2.377177197165454,22.0,22.0,22.0,0.0,0.0,0,0,0,0,0,0,0,0,1.0,33.0,22.0,22.0,0,0,0,0,0,0,1,22,1,22,-1,-1,1,0,0,0,0,0,0,0,0,0,No Label
131.202.240.242-224.0.0.252-51687-5355-17,131.202.240.242,51687,224.0.0.252,5355,17,29/04/2015 12:49:23 PM,423827,1,1,22.0,22.0,22.0,22.0,22.0,0.0,22.0,22.0,22.0,0.0,103.81594376950973,4.718906534977715,423827.0,0.0,423827.0,423827.0,0,0,0,0,0,0,0,0,0,0,0,0,0,0,8,8,2.3594532674888575,2.3594532674888575,22.0,22.0,22.0,0.0,0.0,0,0,0,0,0,0,0,0,1.0,33.0,22.0,22.0,0,0,0,0,0,0,1,22,1,22,-1,-1,1,0,0,0,0,0,0,0,0,0,No Label
131.202.240.242-224.0.0.252-58538-5355-17,131.202.240.242,58538,224.0.0.252,5355,17,29/04/2015 12:48:51 PM,419258,1,1,22.0,22.0,22.0,22.0,22.0,0.0,22.0,22.0,22.0,0.0,104.94731167920469,4.770332349054758,419258.0,0.0,419258.0,419258.0,0,0,0,0,0,0,0,0,0,0,0,0,0,0,8,8,2.385166174527379,2.385166174527379,22.0,22.0,22.0,0.0,0.0,0,0,0,0,0,0,0,0,1.0,33.0,22.0,22.0,0,0,0,0,0,0,1,22,1,22,-1,-1,1,0,0,0,0,0,0,0,0,0,No Label
131.202.240.242-224.0.0.252-54068-5355-17,131.202.240.242,54068,224.0.0.252,5355,17,29/04/2015 12:48:05 PM,417824,1,1,22.0,22.0,22.0,22.0,22.0,0.0,22.0,22.0,22.0,0.0,105.30749789385005,4.786704449720457,417824.0,0.0,417824.0,417824.0,0,0,0,0,0,0,0,0,0,0,0,0,0,0,8,8,2.3933522248602284,2.3933522248602284,22.0,22.0,22.0,0.0,0.0,0,0,0,0,0,0,0,0,1.0,33.0,22.0,22.0,0,0,0,0,0,0,1,22,1,22,-1,-1,1,0,0,0,0,0,0,0,0,0,No Label
131.202.240.242-224.0.0.252-63101-5355-17,131.202.240.242,63101,224.0.0.252,5355,17,29/04/2015 12:52:52 PM,420306,1,1,22.0,22.0,22.0,22.0,22.0,0.0,22.0,22.0,22.0,0.0,104.68563380013609,4.758437900006186,420306.0,0.0,420306.0,420306.0,0,0,0,0,0,0,0,0,0,0,0,0,0,0,8,8,2.379218950003093,2.379218950003093,22.0,22.0,22.0,0.0,0.0,0,0,0,0,0,0,0,0,1.0,33.0,22.0,22.0,0,0,0,0,0,0,1,22,1,22,-1,-1,1,0,0,0,0,0,0,0,0,0,No Label
131.202.240.242-224.0.0.252-62320-5355-17,131.202.240.242,62320,224.0.0.252,5355,17,29/04/2015 12:44:25 PM,423294,1,1,22.0,22.0,22.0,22.0,22.0,0.0,22.0,22.0,22.0,0.0,103.94666591069091,4.7248484504859505,423294.0,0.0,423294.0,423294.0,0,0,0,0,0,0,0,0,0,0,0,0,0,0,8,8,2.3624242252429752,2.3624242252429752,22.0,22.0,22.0,0.0,0.0,0,0,0,0,0,0,0,0,1.0,33.0,22.0,22.0,0,0,0,0,0,0,1,22,1,22,-1,-1,1,0,0,0,0,0,0,0,0,0,No Label
131.202.240.242-224.0.0.252-63011-5355-17,131.202.240.242,63011,224.0.0.252,5355,17,29/04/2015 12:48:51 PM,420356,1,1,22.0,22.0,22.0,22.0,22.0,0.0,22.0,22.0,22.0,0.0,104.67318177925377,4.7578718990569895,420356.0,0.0,420356.0,420356.0,0,0,0,0,0,0,0,0,0,0,0,0,0,0,8,8,2.3789359495284947,2.3789359495284947,22.0,22.0,22.0,0.0,0.0,0,0,0,0,0,0,0,0,1.0,33.0,22.0,22.0,0,0,0,0,0,0,1,22,1,22,-1,-1,1,0,0,0,0,0,0,0,0,0,No Label
131.202.240.242-224.0.0.252-54267-5355-17,131.202.240.242,54267,224.0.0.252,5355,17,29/04/2015 12:50:03 PM,416653,1,1,22.0,22.0,22.0,22.0,22.0,0.0,22.0,22.0,22.0,0.0,105.60346379361243,4.800157445164201,416653.0,0.0,416653.0,416653.0,0,0,0,0,0,0,0,0,0,0,0,0,0,0,8,8,2.4000787225821005,2.4000787225821005,22.0,22.0,22.0,0.0,0.0,0,0,0,0,0,0,0,0,1.0,33.0,22.0,22.0,0,0,0,0,0,0,1,22,1,22,-1,-1,1,0,0,0,0,0,0,0,0,0,No Label
131.202.240.242-131.202.6.3-63346-53-17,131.202.240.242,63346,131.202.6.3,53,17,29/04/2015 12:44:31 PM,1165,0,2,0.0,220.0,0,0,0,0,178.0,42.0,110.0,96.16652224137046,188841.2017167382,1716.7381974248926,1165.0,0.0,1165.0,1165.0,0,0,0,0,0,1165.0,1165.0,0.0,1165.0,1165.0,0,0,0,0,0,16,0.0,1716.7381974248926,42.0,178.0,87.33333333333334,78.5196366097891,6165.333333333334,0,0,0,0,0,0,0,0,0.0,131.0,0.0,110.0,0,0,0,0,0,0,0,0,2,220,-1,-1,0,0,0,0,0,0,0,0,0,0,No Label
131.202.240.242-224.0.0.252-49306-5355-17,131.202.240.242,49306,224.0.0.252,5355,17,29/04/2015 12:47:05 PM,420673,1,1,22.0,22.0,22.0,22.0,22.0,0.0,22.0,22.0,22.0,0.0,104.59430484010146,4.754286583640975,420673.0,0.0,420673.0,420673.0,0,0,0,0,0,0,0,0,0,0,0,0,0,0,8,8,2.3771432918204876,2.3771432918204876,22.0,22.0,22.0,0.0,0.0,0,0,0,0,0,0,0,0,1.0,33.0,22.0,22.0,0,0,0,0,0,0,1,22,1,22,-1,-1,1,0,0,0,0,0,0,0,0,0,No Label
131.202.240.242-224.0.0.252-55187-5355-17,131.202.240.242,55187,224.0.0.252,5355,17,29/04/2015 12:44:41 PM,420597,1,1,22.0,22.0,22.0,22.0,22.0,0.0,22.0,22.0,22.0,0.0,104.6132045639888,4.755145661999491,420597.0,0.0,420597.0,420597.0,0,0,0,0,0,0,0,0,0,0,0,0,0,0,8,8,2.3775728309997457,2.3775728309997457,22.0,22.0,22.0,0.0,0.0,0,0,0,0,0,0,0,0,1.0,33.0,22.0,22.0,0,0,0,0,0,0,1,22,1,22,-1,-1,1,0,0,0,0,0,0,0,0,0,No Label
131.202.240.242-224.0.0.252-62832-5355-17,131.202.240.242,62832,224.0.0.252,5355,17,29/04/2015 12:46:27 PM,420190,1,1,22.0,22.0,22.0,22.0,22.0,0.0,22.0,22.0,22.0,0.0,104.71453390133036,4.759751540969561,420190.0,0.0,420190.0,420190.0,0,0,0,0,0,0,0,0,0,0,0,0,0,0,8,8,2.3798757704847806,2.3798757704847806,22.0,22.0,22.0,0.0,0.0,0,0,0,0,0,0,0,0,1.0,33.0,22.0,22.0,0,0,0,0,0,0,1,22,1,22,-1,-1,1,0,0,0,0,0,0,0,0,0,No Label
131.202.240.242-224.0.0.252-54762-5355-17,131.202.240.242,54762,224.0.0.252,5355,17,29/04/2015 12:52:06 PM,421550,1,1,22.0,22.0,22.0,22.0,22.0,0.0,22.0,22.0,22.0,0.0,104.37670501719843,4.744395682599929,421550.0,0.0,421550.0,421550.0,0,0,0,0,0,0,0,0,0,0,0,0,0,0,8,8,2.3721978412999647,2.3721978412999647,22.0,22.0,22.0,0.0,0.0,0,0,0,0,0,0,0,0,1.0,33.0,22.0,22.0,0,0,0,0,0,0,1,22,1,22,-1,-1,1,0,0,0,0,0,0,0,0,0,No Label
131.202.240.242-224.0.0.252-65408-5355-17,131.202.240.242,65408,224.0.0.252,5355,17,29/04/2015 12:52:57 PM,420694,1,1,22.0,22.0,22.0,22.0,22.0,0.0,22.0,22.0,22.0,0.0,104.58908375208584,4.754049261458447,420694.0,0.0,420694.0,420694.0,0,0,0,0,0,0,0,0,0,0,0,0,0,0,8,8,2.3770246307292235,2.3770246307292235,22.0,22.0,22.0,0.0,0.0,0,0,0,0,0,0,0,0,1.0,33.0,22.0,22.0,0,0,0,0,0,0,1,22,1,22,-1,-1,1,0,0,0,0,0,0,0,0,0,No Label
131.202.240.242-224.0.0.252-60506-5355-17,131.202.240.242,60506,224.0.0.252,5355,17,29/04/2015 12:46:01 PM,422422,1,1,22.0,22.0,22.0,22.0,22.0,0.0,22.0,22.0,22.0,0.0,104.16124160199989,4.734601890999995,422422.0,0.0,422422.0,422422.0,0,0,0,0,0,0,0,0,0,0,0,0,0,0,8,8,2.3673009454999976,2.3673009454999976,22.0,22.0,22.0,0.0,0.0,0,0,0,0,0,0,0,0,1.0,33.0,22.0,22.0,0,0,0,0,0,0,1,22,1,22,-1,-1,1,0,0,0,0,0,0,0,0,0,No Label
131.202.240.242-224.0.0.252-64657-5355-17,131.202.240.242,64657,224.0.0.252,5355,17,29/04/2015 12:49:36 PM,411573,1,1,22.0,22.0,22.0,22.0,22.0,0.0,22.0,22.0,22.0,0.0,106.90691566259206,4.859405257390548,411573.0,0.0,411573.0,411573.0,0,0,0,0,0,0,0,0,0,0,0,0,0,0,8,8,2.429702628695274,2.429702628695274,22.0,22.0,22.0,0.0,0.0,0,0,0,0,0,0,0,0,1.0,33.0,22.0,22.0,0,0,0,0,0,0,1,22,1,22,-1,-1,1,0,0,0,0,0,0,0,0,0,No Label
131.202.240.242-224.0.0.252-59640-5355-17,131.202.240.242,59640,224.0.0.252,5355,17,29/04/2015 12:44:10 PM,420880,1,1,22.0,22.0,22.0,22.0,22.0,0.0,22.0,22.0,22.0,0.0,104.5428625736552,4.7519482988025095,420880.0,0.0,420880.0,420880.0,0,0,0,0,0,0,0,0,0,0,0,0,0,0,8,8,2.3759741494012547,2.3759741494012547,22.0,22.0,22.0,0.0,0.0,0,0,0,0,0,0,0,0,1.0,33.0,22.0,22.0,0,0,0,0,0,0,1,22,1,22,-1,-1,1,0,0,0,0,0,0,0,0,0,No Label
131.202.240.242-224.0.0.252-61137-5355-17,131.202.240.242,61137,224.0.0.252,5355,17,29/04/2015 12:53:44 PM,420389,1,1,22.0,22.0,22.0,22.0,22.0,0.0,22.0,22.0,22.0,0.0,104.6649650680679,4.757498412184905,420389.0,0.0,420389.0,420389.0,0,0,0,0,0,0,0,0,0,0,0,0,0,0,8,8,2.3787492060924524,2.3787492060924524,22.0,22.0,22.0,0.0,0.0,0,0,0,0,0,0,0,0,1.0,33.0,22.0,22.0,0,0,0,0,0,0,1,22,1,22,-1,-1,1,0,0,0,0,0,0,0,0,0,No Label
131.202.240.242-224.0.0.252-52924-5355-17,131.202.240.242,52924,224.0.0.252,5355,17,29/04/2015 12:43:51 PM,421131,1,1,22.0,22.0,22.0,22.0,22.0,0.0,22.0,22.0,22.0,0.0,104.48055355696921,4.749116070771328,421131.0,0.0,421131.0,421131.0,0,0,0,0,0,0,0,0,0,0,0,0,0,0,8,8,2.374558035385664,2.374558035385664,22.0,22.0,22.0,0.0,0.0,0,0,0,0,0,0,0,0,1.0,33.0,22.0,22.0,0,0,0,0,0,0,1,22,1,22,-1,-1,1,0,0,0,0,0,0,0,0,0,No Label
131.202.240.242-224.0.0.252-60078-5355-17,131.202.240.242,60078,224.0.0.252,5355,17,29/04/2015 12:44:46 PM,420693,1,1,22.0,22.0,22.0,22.0,22.0,0.0,22.0,22.0,22.0,0.0,104.58933236350498,4.754060561977499,420693.0,0.0,420693.0,420693.0,0,0,0,0,0,0,0,0,0,0,0,0,0,0,8,8,2.3770302809887496,2.3770302809887496,22.0,22.0,22.0,0.0,0.0,0,0,0,0,0,0,0,0,1.0,33.0,22.0,22.0,0,0,0,0,0,0,1,22,1,22,-1,-1,1,0,0,0,0,0,0,0,0,0,No Label
131.202.240.242-224.0.0.252-64691-5355-17,131.202.240.242,64691,224.0.0.252,5355,17,29/04/2015 12:47:53 PM,420802,1,1,22.0,22.0,22.0,22.0,22.0,0.0,22.0,22.0,22.0,0.0,104.56224067376105,4.752829121534593,420802.0,0.0,420802.0,420802.0,0,0,0,0,0,0,0,0,0,0,0,0,0,0,8,8,2.3764145607672966,2.3764145607672966,22.0,22.0,22.0,0.0,0.0,0,0,0,0,0,0,0,0,1.0,33.0,22.0,22.0,0,0,0,0,0,0,1,22,1,22,-1,-1,1,0,0,0,0,0,0,0,0,0,No Label
131.202.240.242-224.0.0.252-63433-5355-17,131.202.240.242,63433,224.0.0.252,5355,17,29/04/2015 12:53:13 PM,421112,1,1,22.0,22.0,22.0,22.0,22.0,0.0,22.0,22.0,22.0,0.0,104.48526757727161,4.749330344421437,421112.0,0.0,421112.0,421112.0,0,0,0,0,0,0,0,0,0,0,0,0,0,0,8,8,2.3746651722107184,2.3746651722107184,22.0,22.0,22.0,0.0,0.0,0,0,0,0,0,0,0,0,1.0,33.0,22.0,22.0,0,0,0,0,0,0,1,22,1,22,-1,-1,1,0,0,0,0,0,0,0,0,0,No Label
131.202.240.242-224.0.0.252-49473-5355-17,131.202.240.242,49473,224.0.0.252,5355,17,29/04/2015 12:47:34 PM,422857,1,1,22.0,22.0,22.0,22.0,22.0,0.0,22.0,22.0,22.0,0.0,104.05408920746257,4.729731327611935,422857.0,0.0,422857.0,422857.0,0,0,0,0,0,0,0,0,0,0,0,0,0,0,8,8,2.3648656638059675,2.3648656638059675,22.0,22.0,22.0,0.0,0.0,0,0,0,0,0,0,0,0,1.0,33.0,22.0,22.0,0,0,0,0,0,0,1,22,1,22,-1,-1,1,0,0,0,0,0,0,0,0,0,No Label
131.202.240.242-224.0.0.252-65104-5355-17,131.202.240.242,65104,224.0.0.252,5355,17,29/04/2015 12:43:58 PM,420434,1,1,22.0,22.0,22.0,22.0,22.0,0.0,22.0,22.0,22.0,0.0,104.6537625406128,4.756989206391491,420434.0,0.0,420434.0,420434.0,0,0,0,0,0,0,0,0,0,0,0,0,0,0,8,8,2.3784946031957457,2.3784946031957457,22.0,22.0,22.0,0.0,0.0,0,0,0,0,0,0,0,0,1.0,33.0,22.0,22.0,0,0,0,0,0,0,1,22,1,22,-1,-1,1,0,0,0,0,0,0,0,0,0,No Label
131.202.240.242-224.0.0.252-57736-5355-17,131.202.240.242,57736,224.0.0.252,5355,17,29/04/2015 12:46:49 PM,420917,1,1,22.0,22.0,22.0,22.0,22.0,0.0,22.0,22.0,22.0,0.0,104.53367290938594,4.75153058679027,420917.0,0.0,420917.0,420917.0,0,0,0,0,0,0,0,0,0,0,0,0,0,0,8,8,2.375765293395135,2.375765293395135,22.0,22.0,22.0,0.0,0.0,0,0,0,0,0,0,0,0,1.0,33.0,22.0,22.0,0,0,0,0,0,0,1,22,1,22,-1,-1,1,0,0,0,0,0,0,0,0,0,No Label
131.202.240.242-224.0.0.252-56394-5355-17,131.202.240.242,56394,224.0.0.252,5355,17,29/04/2015 12:48:11 PM,422891,1,1,22.0,22.0,22.0,22.0,22.0,0.0,22.0,22.0,22.0,0.0,104.04572336606832,4.729351062094015,422891.0,0.0,422891.0,422891.0,0,0,0,0,0,0,0,0,0,0,0,0,0,0,8,8,2.3646755310470073,2.3646755310470073,22.0,22.0,22.0,0.0,0.0,0,0,0,0,0,0,0,0,1.0,33.0,22.0,22.0,0,0,0,0,0,0,1,22,1,22,-1,-1,1,0,0,0,0,0,0,0,0,0,No Label
131.202.240.242-224.0.0.252-51244-5355-17,131.202.240.242,51244,224.0.0.252,5355,17,29/04/2015 12:53:09 PM,417351,1,1,22.0,22.0,22.0,22.0,22.0,0.0,22.0,22.0,22.0,0.0,105.42684694657494,4.7921294066624975,417351.0,0.0,417351.0,417351.0,0,0,0,0,0,0,0,0,0,0,0,0,0,0,8,8,2.3960647033312488,2.3960647033312488,22.0,22.0,22.0,0.0,0.0,0,0,0,0,0,0,0,0,1.0,33.0,22.0,22.0,0,0,0,0,0,0,1,22,1,22,-1,-1,1,0,0,0,0,0,0,0,0,0,No Label
131.202.240.242-224.0.0.252-62142-5355-17,131.202.240.242,62142,224.0.0.252,5355,17,29/04/2015 12:53:00 PM,420832,1,1,22.0,22.0,22.0,22.0,22.0,0.0,22.0,22.0,22.0,0.0,104.55478670823511,4.752490304919778,420832.0,0.0,420832.0,420832.0,0,0,0,0,0,0,0,0,0,0,0,0,0,0,8,8,2.376245152459889,2.376245152459889,22.0,22.0,22.0,0.0,0.0,0,0,0,0,0,0,0,0,1.0,33.0,22.0,22.0,0,0,0,0,0,0,1,22,1,22,-1,-1,1,0,0,0,0,0,0,0,0,0,No Label
131.202.240.242-224.0.0.252-49403-5355-17,131.202.240.242,49403,224.0.0.252,5355,17,29/04/2015 12:50:21 PM,420809,1,1,22.0,22.0,22.0,22.0,22.0,0.0,22.0,22.0,22.0,0.0,104.56050132007633,4.75275006000347,420809.0,0.0,420809.0,420809.0,0,0,0,0,0,0,0,0,0,0,0,0,0,0,8,8,2.376375030001735,2.376375030001735,22.0,22.0,22.0,0.0,0.0,0,0,0,0,0,0,0,0,1.0,33.0,22.0,22.0,0,0,0,0,0,0,1,22,1,22,-1,-1,1,0,0,0,0,0,0,0,0,0,No Label
131.202.240.242-224.0.0.252-53612-5355-17,131.202.240.242,53612,224.0.0.252,5355,17,29/04/2015 12:44:14 PM,414380,1,1,22.0,22.0,22.0,22.0,22.0,0.0,22.0,22.0,22.0,0.0,106.18273082677734,4.826487764853516,414380.0,0.0,414380.0,414380.0,0,0,0,0,0,0,0,0,0,0,0,0,0,0,8,8,2.413243882426758,2.413243882426758,22.0,22.0,22.0,0.0,0.0,0,0,0,0,0,0,0,0,1.0,33.0,22.0,22.0,0,0,0,0,0,0,1,22,1,22,-1,-1,1,0,0,0,0,0,0,0,0,0,No Label
131.202.240.242-224.0.0.252-51561-5355-17,131.202.240.242,51561,224.0.0.252,5355,17,29/04/2015 12:48:51 PM,420801,1,1,22.0,22.0,22.0,22.0,22.0,0.0,22.0,22.0,22.0,0.0,104.5624891575828,4.752840416253764,420801.0,0.0,420801.0,420801.0,0,0,0,0,0,0,0,0,0,0,0,0,0,0,8,8,2.376420208126882,2.376420208126882,22.0,22.0,22.0,0.0,0.0,0,0,0,0,0,0,0,0,1.0,33.0,22.0,22.0,0,0,0,0,0,0,1,22,1,22,-1,-1,1,0,0,0,0,0,0,0,0,0,No Label
131.202.240.242-224.0.0.252-56677-5355-17,131.202.240.242,56677,224.0.0.252,5355,17,29/04/2015 12:43:11 PM,421487,1,1,22.0,22.0,22.0,22.0,22.0,0.0,22.0,22.0,22.0,0.0,104.39230628702664,4.745104831228484,421487.0,0.0,421487.0,421487.0,0,0,0,0,0,0,0,0,0,0,0,0,0,0,8,8,2.372552415614242,2.372552415614242,22.0,22.0,22.0,0.0,0.0,0,0,0,0,0,0,0,0,1.0,33.0,22.0,22.0,0,0,0,0,0,0,1,22,1,22,-1,-1,1,0,0,0,0,0,0,0,0,0,No Label
131.202.240.242-224.0.0.252-52032-5355-17,131.202.240.242,52032,224.0.0.252,5355,17,29/04/2015 12:48:09 PM,420915,1,1,22.0,22.0,22.0,22.0,22.0,0.0,22.0,22.0,22.0,0.0,104.53416960669018,4.751553163940463,420915.0,0.0,420915.0,420915.0,0,0,0,0,0,0,0,0,0,0,0,0,0,0,8,8,2.3757765819702317,2.3757765819702317,22.0,22.0,22.0,0.0,0.0,0,0,0,0,0,0,0,0,1.0,33.0,22.0,22.0,0,0,0,0,0,0,1,22,1,22,-1,-1,1,0,0,0,0,0,0,0,0,0,No Label
131.202.240.242-224.0.0.252-53775-5355-17,131.202.240.242,53775,224.0.0.252,5355,17,29/04/2015 12:49:15 PM,420569,1,1,22.0,22.0,22.0,22.0,22.0,0.0,22.0,22.0,22.0,0.0,104.62016934201046,4.755462242818657,420569.0,0.0,420569.0,420569.0,0,0,0,0,0,0,0,0,0,0,0,0,0,0,8,8,2.3777311214093286,2.3777311214093286,22.0,22.0,22.0,0.0,0.0,0,0,0,0,0,0,0,0,1.0,33.0,22.0,22.0,0,0,0,0,0,0,1,22,1,22,-1,-1,1,0,0,0,0,0,0,0,0,0,No Label
131.202.240.242-224.0.0.252-53669-5355-17,131.202.240.242,53669,224.0.0.252,5355,17,29/04/2015 12:49:23 PM,420379,1,1,22.0,22.0,22.0,22.0,22.0,0.0,22.0,22.0,22.0,0.0,104.66745484431905,4.757611583832684,420379.0,0.0,420379.0,420379.0,0,0,0,0,0,0,0,0,0,0,0,0,0,0,8,8,2.378805791916342,2.378805791916342,22.0,22.0,22.0,0.0,0.0,0,0,0,0,0,0,0,0,1.0,33.0,22.0,22.0,0,0,0,0,0,0,1,22,1,22,-1,-1,1,0,0,0,0,0,0,0,0,0,No Label
131.202.240.242-224.0.0.252-56107-5355-17,131.202.240.242,56107,224.0.0.252,5355,17,29/04/2015 12:53:18 PM,420790,1,1,22.0,22.0,22.0,22.0,22.0,0.0,22.0,22.0,22.0,0.0,104.56522255757028,4.752964661707741,420790.0,0.0,420790.0,420790.0,0,0,0,0,0,0,0,0,0,0,0,0,0,0,8,8,2.3764823308538703,2.3764823308538703,22.0,22.0,22.0,0.0,0.0,0,0,0,0,0,0,0,0,1.0,33.0,22.0,22.0,0,0,0,0,0,0,1,22,1,22,-1,-1,1,0,0,0,0,0,0,0,0,0,No Label
131.202.240.242-224.0.0.252-51784-5355-17,131.202.240.242,51784,224.0.0.252,5355,17,29/04/2015 12:48:30 PM,422904,1,1,22.0,22.0,22.0,22.0,22.0,0.0,22.0,22.0,22.0,0.0,104.04252501749806,4.729205682613548,422904.0,0.0,422904.0,422904.0,0,0,0,0,0,0,0,0,0,0,0,0,0,0,8,8,2.364602841306774,2.364602841306774,22.0,22.0,22.0,0.0,0.0,0,0,0,0,0,0,0,0,1.0,33.0,22.0,22.0,0,0,0,0,0,0,1,22,1,22,-1,-1,1,0,0,0,0,0,0,0,0,0,No Label
131.202.240.242-224.0.0.252-65279-5355-17,131.202.240.242,65279,224.0.0.252,5355,17,29/04/2015 12:45:13 PM,419993,1,1,22.0,22.0,22.0,22.0,22.0,0.0,22.0,22.0,22.0,0.0,104.76365082275181,4.7619841283069,419993.0,0.0,419993.0,419993.0,0,0,0,0,0,0,0,0,0,0,0,0,0,0,8,8,2.38099206415345,2.38099206415345,22.0,22.0,22.0,0.0,0.0,0,0,0,0,0,0,0,0,1.0,33.0,22.0,22.0,0,0,0,0,0,0,1,22,1,22,-1,-1,1,0,0,0,0,0,0,0,0,0,No Label
131.202.240.242-224.0.0.252-55217-5355-17,131.202.240.242,55217,224.0.0.252,5355,17,29/04/2015 12:46:39 PM,420374,1,1,22.0,22.0,22.0,22.0,22.0,0.0,22.0,22.0,22.0,0.0,104.66869977686535,4.757668171675698,420374.0,0.0,420374.0,420374.0,0,0,0,0,0,0,0,0,0,0,0,0,0,0,8,8,2.378834085837849,2.378834085837849,22.0,22.0,22.0,0.0,0.0,0,0,0,0,0,0,0,0,1.0,33.0,22.0,22.0,0,0,0,0,0,0,1,22,1,22,-1,-1,1,0,0,0,0,0,0,0,0,0,No Label
131.202.240.242-224.0.0.252-53094-5355-17,131.202.240.242,53094,224.0.0.252,5355,17,29/04/2015 12:43:55 PM,419895,1,1,22.0,22.0,22.0,22.0,22.0,0.0,22.0,22.0,22.0,0.0,104.7881017873516,4.763095535788709,419895.0,0.0,419895.0,419895.0,0,0,0,0,0,0,0,0,0,0,0,0,0,0,8,8,2.3815477678943546,2.3815477678943546,22.0,22.0,22.0,0.0,0.0,0,0,0,0,0,0,0,0,1.0,33.0,22.0,22.0,0,0,0,0,0,0,1,22,1,22,-1,-1,1,0,0,0,0,0,0,0,0,0,No Label
131.202.240.242-224.0.0.252-57302-5355-17,131.202.240.242,57302,224.0.0.252,5355,17,29/04/2015 12:49:05 PM,420913,1,1,22.0,22.0,22.0,22.0,22.0,0.0,22.0,22.0,22.0,0.0,104.53466630871463,4.751575741305211,420913.0,0.0,420913.0,420913.0,0,0,0,0,0,0,0,0,0,0,0,0,0,0,8,8,2.3757878706526054,2.3757878706526054,22.0,22.0,22.0,0.0,0.0,0,0,0,0,0,0,0,0,1.0,33.0,22.0,22.0,0,0,0,0,0,0,1,22,1,22,-1,-1,1,0,0,0,0,0,0,0,0,0,No Label
131.202.240.242-224.0.0.252-49693-5355-17,131.202.240.242,49693,224.0.0.252,5355,17,29/04/2015 12:53:48 PM,416215,1,1,22.0,22.0,22.0,22.0,22.0,0.0,22.0,22.0,22.0,0.0,105.71459462056869,4.805208846389486,416215.0,0.0,416215.0,416215.0,0,0,0,0,0,0,0,0,0,0,0,0,0,0,8,8,2.402604423194743,2.402604423194743,22.0,22.0,22.0,0.0,0.0,0,0,0,0,0,0,0,0,1.0,33.0,22.0,22.0,0,0,0,0,0,0,1,22,1,22,-1,-1,1,0,0,0,0,0,0,0,0,0,No Label
131.202.240.242-224.0.0.252-52125-5355-17,131.202.240.242,52125,224.0.0.252,5355,17,29/04/2015 12:50:06 PM,420459,1,1,22.0,22.0,22.0,22.0,22.0,0.0,22.0,22.0,22.0,0.0,104.64753995038754,4.756706361381252,420459.0,0.0,420459.0,420459.0,0,0,0,0,0,0,0,0,0,0,0,0,0,0,8,8,2.378353180690626,2.378353180690626,22.0,22.0,22.0,0.0,0.0,0,0,0,0,0,0,0,0,1.0,33.0,22.0,22.0,0,0,0,0,0,0,1,22,1,22,-1,-1,1,0,0,0,0,0,0,0,0,0,No Label
131.202.240.242-224.0.0.252-49719-5355-17,131.202.240.242,49719,224.0.0.252,5355,17,29/04/2015 12:53:34 PM,419739,1,1,22.0,22.0,22.0,22.0,22.0,0.0,22.0,22.0,22.0,0.0,104.82704728414564,4.764865785642983,419739.0,0.0,419739.0,419739.0,0,0,0,0,0,0,0,0,0,0,0,0,0,0,8,8,2.3824328928214915,2.3824328928214915,22.0,22.0,22.0,0.0,0.0,0,0,0,0,0,0,0,0,1.0,33.0,22.0,22.0,0,0,0,0,0,0,1,22,1,22,-1,-1,1,0,0,0,0,0,0,0,0,0,No Label
131.202.240.242-224.0.0.252-60098-5355-17,131.202.240.242,60098,224.0.0.252,5355,17,29/04/2015 12:45:03 PM,427176,1,1,22.0,22.0,22.0,22.0,22.0,0.0,22.0,22.0,22.0,0.0,103.00204131318239,4.681910968781017,427176.0,0.0,427176.0,427176.0,0,0,0,0,0,0,0,0,0,0,0,0,0,0,8,8,2.3409554843905087,2.3409554843905087,22.0,22.0,22.0,0.0,0.0,0,0,0,0,0,0,0,0,1.0,33.0,22.0,22.0,0,0,0,0,0,0,1,22,1,22,-1,-1,1,0,0,0,0,0,0,0,0,0,No Label
131.202.240.242-224.0.0.252-56346-5355-17,131.202.240.242,56346,224.0.0.252,5355,17,29/04/2015 12:52:57 PM,421022,1,1,22.0,22.0,22.0,22.0,22.0,0.0,22.0,22.0,22.0,0.0,104.50760292811302,4.750345587641501,421022.0,0.0,421022.0,421022.0,0,0,0,0,0,0,0,0,0,0,0,0,0,0,8,8,2.3751727938207505,2.3751727938207505,22.0,22.0,22.0,0.0,0.0,0,0,0,0,0,0,0,0,1.0,33.0,22.0,22.0,0,0,0,0,0,0,1,22,1,22,-1,-1,1,0,0,0,0,0,0,0,0,0,No Label
131.202.240.242-224.0.0.252-58353-5355-17,131.202.240.242,58353,224.0.0.252,5355,17,29/04/2015 12:53:48 PM,411049,1,1,22.0,22.0,22.0,22.0,22.0,0.0,22.0,22.0,22.0,0.0,107.04319922928897,4.86559996496768,411049.0,0.0,411049.0,411049.0,0,0,0,0,0,0,0,0,0,0,0,0,0,0,8,8,2.43279998248384,2.43279998248384,22.0,22.0,22.0,0.0,0.0,0,0,0,0,0,0,0,0,1.0,33.0,22.0,22.0,0,0,0,0,0,0,1,22,1,22,-1,-1,1,0,0,0,0,0,0,0,0,0,No Label
131.202.240.242-224.0.0.252-51780-5355-17,131.202.240.242,51780,224.0.0.252,5355,17,29/04/2015 12:48:38 PM,411606,1,1,22.0,22.0,22.0,22.0,22.0,0.0,22.0,22.0,22.0,0.0,106.89834453336442,4.859015660607474,411606.0,0.0,411606.0,411606.0,0,0,0,0,0,0,0,0,0,0,0,0,0,0,8,8,2.429507830303737,2.429507830303737,22.0,22.0,22.0,0.0,0.0,0,0,0,0,0,0,0,0,1.0,33.0,22.0,22.0,0,0,0,0,0,0,1,22,1,22,-1,-1,1,0,0,0,0,0,0,0,0,0,No Label
131.202.240.242-224.0.0.252-60676-5355-17,131.202.240.242,60676,224.0.0.252,5355,17,29/04/2015 12:45:03 PM,409108,1,1,22.0,22.0,22.0,22.0,22.0,0.0,22.0,22.0,22.0,0.0,107.55106231117455,4.888684650507934,409108.0,0.0,409108.0,409108.0,0,0,0,0,0,0,0,0,0,0,0,0,0,0,8,8,2.444342325253967,2.444342325253967,22.0,22.0,22.0,0.0,0.0,0,0,0,0,0,0,0,0,1.0,33.0,22.0,22.0,0,0,0,0,0,0,1,22,1,22,-1,-1,1,0,0,0,0,0,0,0,0,0,No Label
131.202.240.242-224.0.0.252-58167-5355-17,131.202.240.242,58167,224.0.0.252,5355,17,29/04/2015 12:51:25 PM,421019,1,1,22.0,22.0,22.0,22.0,22.0,0.0,22.0,22.0,22.0,0.0,104.5083476042649,4.750379436557496,421019.0,0.0,421019.0,421019.0,0,0,0,0,0,0,0,0,0,0,0,0,0,0,8,8,2.375189718278748,2.375189718278748,22.0,22.0,22.0,0.0,0.0,0,0,0,0,0,0,0,0,1.0,33.0,22.0,22.0,0,0,0,0,0,0,1,22,1,22,-1,-1,1,0,0,0,0,0,0,0,0,0,No Label
131.202.240.242-224.0.0.252-55484-5355-17,131.202.240.242,55484,224.0.0.252,5355,17,29/04/2015 12:49:15 PM,420901,1,1,22.0,22.0,22.0,22.0,22.0,0.0,22.0,22.0,22.0,0.0,104.53764661998902,4.751711209999501,420901.0,0.0,420901.0,420901.0,0,0,0,0,0,0,0,0,0,0,0,0,0,0,8,8,2.3758556049997503,2.3758556049997503,22.0,22.0,22.0,0.0,0.0,0,0,0,0,0,0,0,0,1.0,33.0,22.0,22.0,0,0,0,0,0,0,1,22,1,22,-1,-1,1,0,0,0,0,0,0,0,0,0,No Label
131.202.240.242-224.0.0.252-56243-5355-17,131.202.240.242,56243,224.0.0.252,5355,17,29/04/2015 12:53:38 PM,412641,1,1,22.0,22.0,22.0,22.0,22.0,0.0,22.0,22.0,22.0,0.0,106.63021851924555,4.846828114511161,412641.0,0.0,412641.0,412641.0,0,0,0,0,0,0,0,0,0,0,0,0,0,0,8,8,2.4234140572555805,2.4234140572555805,22.0,22.0,22.0,0.0,0.0,0,0,0,0,0,0,0,0,1.0,33.0,22.0,22.0,0,0,0,0,0,0,1,22,1,22,-1,-1,1,0,0,0,0,0,0,0,0,0,No Label
131.202.240.242-224.0.0.252-61562-5355-17,131.202.240.242,61562,224.0.0.252,5355,17,29/04/2015 12:52:06 PM,421208,1,1,22.0,22.0,22.0,22.0,22.0,0.0,22.0,22.0,22.0,0.0,104.461453723576,4.748247896526181,421208.0,0.0,421208.0,421208.0,0,0,0,0,0,0,0,0,0,0,0,0,0,0,8,8,2.3741239482630907,2.3741239482630907,22.0,22.0,22.0,0.0,0.0,0,0,0,0,0,0,0,0,1.0,33.0,22.0,22.0,0,0,0,0,0,0,1,22,1,22,-1,-1,1,0,0,0,0,0,0,0,0,0,No Label
131.202.240.242-224.0.0.252-57521-5355-17,131.202.240.242,57521,224.0.0.252,5355,17,29/04/2015 12:45:12 PM,420797,1,1,22.0,22.0,22.0,22.0,22.0,0.0,22.0,22.0,22.0,0.0,104.56348310467993,4.752885595667269,420797.0,0.0,420797.0,420797.0,0,0,0,0,0,0,0,0,0,0,0,0,0,0,8,8,2.3764427978336347,2.3764427978336347,22.0,22.0,22.0,0.0,0.0,0,0,0,0,0,0,0,0,1.0,33.0,22.0,22.0,0,0,0,0,0,0,1,22,1,22,-1,-1,1,0,0,0,0,0,0,0,0,0,No Label
131.202.240.242-224.0.0.252-65514-5355-17,131.202.240.242,65514,224.0.0.252,5355,17,29/04/2015 12:49:12 PM,420708,1,1,22.0,22.0,22.0,22.0,22.0,0.0,22.0,22.0,22.0,0.0,104.58560331631439,4.753891059832473,420708.0,0.0,420708.0,420708.0,0,0,0,0,0,0,0,0,0,0,0,0,0,0,8,8,2.3769455299162363,2.3769455299162363,22.0,22.0,22.0,0.0,0.0,0,0,0,0,0,0,0,0,1.0,33.0,22.0,22.0,0,0,0,0,0,0,1,22,1,22,-1,-1,1,0,0,0,0,0,0,0,0,0,No Label
131.202.240.242-224.0.0.252-56025-5355-17,131.202.240.242,56025,224.0.0.252,5355,17,29/04/2015 12:52:59 PM,420605,1,1,22.0,22.0,22.0,22.0,22.0,0.0,22.0,22.0,22.0,0.0,104.61121479773183,4.75505521807872,420605.0,0.0,420605.0,420605.0,0,0,0,0,0,0,0,0,0,0,0,0,0,0,8,8,2.37752760903936,2.37752760903936,22.0,22.0,22.0,0.0,0.0,0,0,0,0,0,0,0,0,1.0,33.0,22.0,22.0,0,0,0,0,0,0,1,22,1,22,-1,-1,1,0,0,0,0,0,0,0,0,0,No Label
131.202.240.242-224.0.0.252-62462-5355-17,131.202.240.242,62462,224.0.0.252,5355,17,29/04/2015 12:51:55 PM,409508,1,1,22.0,22.0,22.0,22.0,22.0,0.0,22.0,22.0,22.0,0.0,107.44600838078865,4.88390947185403,409508.0,0.0,409508.0,409508.0,0,0,0,0,0,0,0,0,0,0,0,0,0,0,8,8,2.441954735927015,2.441954735927015,22.0,22.0,22.0,0.0,0.0,0,0,0,0,0,0,0,0,1.0,33.0,22.0,22.0,0,0,0,0,0,0,1,22,1,22,-1,-1,1,0,0,0,0,0,0,0,0,0,No Label
131.202.240.242-224.0.0.252-55817-5355-17,131.202.240.242,55817,224.0.0.252,5355,17,29/04/2015 12:43:57 PM,420631,1,1,22.0,22.0,22.0,22.0,22.0,0.0,22.0,22.0,22.0,0.0,104.60474858010942,4.7547612990958825,420631.0,0.0,420631.0,420631.0,0,0,0,0,0,0,0,0,0,0,0,0,0,0,8,8,2.3773806495479413,2.3773806495479413,22.0,22.0,22.0,0.0,0.0,0,0,0,0,0,0,0,0,1.0,33.0,22.0,22.0,0,0,0,0,0,0,1,22,1,22,-1,-1,1,0,0,0,0,0,0,0,0,0,No Label
131.202.240.242-224.0.0.252-49356-5355-17,131.202.240.242,49356,224.0.0.252,5355,17,29/04/2015 12:43:11 PM,421971,1,1,22.0,22.0,22.0,22.0,22.0,0.0,22.0,22.0,22.0,0.0,104.27256849404343,4.739662204274701,421971.0,0.0,421971.0,421971.0,0,0,0,0,0,0,0,0,0,0,0,0,0,0,8,8,2.3698311021373506,2.3698311021373506,22.0,22.0,22.0,0.0,0.0,0,0,0,0,0,0,0,0,1.0,33.0,22.0,22.0,0,0,0,0,0,0,1,22,1,22,-1,-1,1,0,0,0,0,0,0,0,0,0,No Label
131.202.240.242-224.0.0.252-60228-5355-17,131.202.240.242,60228,224.0.0.252,5355,17,29/04/2015 12:47:33 PM,421613,1,1,22.0,22.0,22.0,22.0,22.0,0.0,22.0,22.0,22.0,0.0,104.36110840984504,4.743686745902047,421613.0,0.0,421613.0,421613.0,0,0,0,0,0,0,0,0,0,0,0,0,0,0,8,8,2.3718433729510235,2.3718433729510235,22.0,22.0,22.0,0.0,0.0,0,0,0,0,0,0,0,0,1.0,33.0,22.0,22.0,0,0,0,0,0,0,1,22,1,22,-1,-1,1,0,0,0,0,0,0,0,0,0,No Label
131.202.240.242-224.0.0.252-63109-5355-17,131.202.240.242,63109,224.0.0.252,5355,17,29/04/2015 12:51:00 PM,423454,1,1,22.0,22.0,22.0,22.0,22.0,0.0,22.0,22.0,22.0,0.0,103.90739017697318,4.723063189862417,423454.0,0.0,423454.0,423454.0,0,0,0,0,0,0,0,0,0,0,0,0,0,0,8,8,2.3615315949312086,2.3615315949312086,22.0,22.0,22.0,0.0,0.0,0,0,0,0,0,0,0,0,1.0,33.0,22.0,22.0,0,0,0,0,0,0,1,22,1,22,-1,-1,1,0,0,0,0,0,0,0,0,0,No Label
131.202.240.242-224.0.0.252-53138-5355-17,131.202.240.242,53138,224.0.0.252,5355,17,29/04/2015 12:53:00 PM,420351,1,1,22.0,22.0,22.0,22.0,22.0,0.0,22.0,22.0,22.0,0.0,104.6744268480389,4.7579284930926775,420351.0,0.0,420351.0,420351.0,0,0,0,0,0,0,0,0,0,0,0,0,0,0,8,8,2.3789642465463388,2.3789642465463388,22.0,22.0,22.0,0.0,0.0,0,0,0,0,0,0,0,0,1.0,33.0,22.0,22.0,0,0,0,0,0,0,1,22,1,22,-1,-1,1,0,0,0,0,0,0,0,0,0,No Label
131.202.240.242-224.0.0.252-64486-5355-17,131.202.240.242,64486,224.0.0.252,5355,17,29/04/2015 12:51:48 PM,447850,1,1,22.0,22.0,22.0,22.0,22.0,0.0,22.0,22.0,22.0,0.0,98.24718097577313,4.465780953444233,447850.0,0.0,447850.0,447850.0,0,0,0,0,0,0,0,0,0,0,0,0,0,0,8,8,2.2328904767221167,2.2328904767221167,22.0,22.0,22.0,0.0,0.0,0,0,0,0,0,0,0,0,1.0,33.0,22.0,22.0,0,0,0,0,0,0,1,22,1,22,-1,-1,1,0,0,0,0,0,0,0,0,0,No Label
131.202.240.242-224.0.0.252-62099-5355-17,131.202.240.242,62099,224.0.0.252,5355,17,29/04/2015 12:52:40 PM,408940,1,1,22.0,22.0,22.0,22.0,22.0,0.0,22.0,22.0,22.0,0.0,107.5952462463931,4.890693011199686,408940.0,0.0,408940.0,408940.0,0,0,0,0,0,0,0,0,0,0,0,0,0,0,8,8,2.445346505599843,2.445346505599843,22.0,22.0,22.0,0.0,0.0,0,0,0,0,0,0,0,0,1.0,33.0,22.0,22.0,0,0,0,0,0,0,1,22,1,22,-1,-1,1,0,0,0,0,0,0,0,0,0,No Label
131.202.240.242-131.202.244.5-57304-53-17,131.202.240.242,57304,131.202.244.5,53,17,29/04/2015 12:53:27 PM,52291,0,2,0.0,469.0,0,0,0,0,426.0,43.0,234.5,270.82189719444773,8969.038649098316,38.24749956971563,52291.0,0.0,52291.0,52291.0,0,0,0,0,0,52291.0,52291.0,0.0,52291.0,52291.0,0,0,0,0,0,16,0.0,38.24749956971563,43.0,426.0,170.66666666666669,221.1251530996267,48896.333333333336,0,0,0,0,0,0,0,0,0.0,256.0,0.0,234.5,0,0,0,0,0,0,0,0,2,469,-1,-1,0,0,0,0,0,0,0,0,0,0,No Label
131.202.240.242-224.0.0.252-61927-5355-17,131.202.240.242,61927,224.0.0.252,5355,17,29/04/2015 12:49:31 PM,421008,1,1,22.0,22.0,22.0,22.0,22.0,0.0,22.0,22.0,22.0,0.0,104.51107817428648,4.750503553376658,421008.0,0.0,421008.0,421008.0,0,0,0,0,0,0,0,0,0,0,0,0,0,0,8,8,2.375251776688329,2.375251776688329,22.0,22.0,22.0,0.0,0.0,0,0,0,0,0,0,0,0,1.0,33.0,22.0,22.0,0,0,0,0,0,0,1,22,1,22,-1,-1,1,0,0,0,0,0,0,0,0,0,No Label
131.202.240.242-224.0.0.252-52447-5355-17,131.202.240.242,52447,224.0.0.252,5355,17,29/04/2015 12:43:51 PM,419863,1,1,22.0,22.0,22.0,22.0,22.0,0.0,22.0,22.0,22.0,0.0,104.79608824783323,4.763458556719692,419863.0,0.0,419863.0,419863.0,0,0,0,0,0,0,0,0,0,0,0,0,0,0,8,8,2.381729278359846,2.381729278359846,22.0,22.0,22.0,0.0,0.0,0,0,0,0,0,0,0,0,1.0,33.0,22.0,22.0,0,0,0,0,0,0,1,22,1,22,-1,-1,1,0,0,0,0,0,0,0,0,0,No Label
131.202.240.242-224.0.0.252-56320-5355-17,131.202.240.242,56320,224.0.0.252,5355,17,29/04/2015 12:43:51 PM,420649,1,1,22.0,22.0,22.0,22.0,22.0,0.0,22.0,22.0,22.0,0.0,104.60027243616412,4.75455783800746,420649.0,0.0,420649.0,420649.0,0,0,0,0,0,0,0,0,0,0,0,0,0,0,8,8,2.37727891900373,2.37727891900373,22.0,22.0,22.0,0.0,0.0,0,0,0,0,0,0,0,0,1.0,33.0,22.0,22.0,0,0,0,0,0,0,1,22,1,22,-1,-1,1,0,0,0,0,0,0,0,0,0,No Label
131.202.240.242-224.0.0.252-57011-5355-17,131.202.240.242,57011,224.0.0.252,5355,17,29/04/2015 12:43:14 PM,420496,1,1,22.0,22.0,22.0,22.0,22.0,0.0,22.0,22.0,22.0,0.0,104.63833187473841,4.756287812488109,420496.0,0.0,420496.0,420496.0,0,0,0,0,0,0,0,0,0,0,0,0,0,0,8,8,2.3781439062440546,2.3781439062440546,22.0,22.0,22.0,0.0,0.0,0,0,0,0,0,0,0,0,1.0,33.0,22.0,22.0,0,0,0,0,0,0,1,22,1,22,-1,-1,1,0,0,0,0,0,0,0,0,0,No Label
131.202.240.242-224.0.0.252-53294-5355-17,131.202.240.242,53294,224.0.0.252,5355,17,29/04/2015 12:46:46 PM,417113,1,1,22.0,22.0,22.0,22.0,22.0,0.0,22.0,22.0,22.0,0.0,105.48700232311148,4.794863741959612,417113.0,0.0,417113.0,417113.0,0,0,0,0,0,0,0,0,0,0,0,0,0,0,8,8,2.397431870979806,2.397431870979806,22.0,22.0,22.0,0.0,0.0,0,0,0,0,0,0,0,0,1.0,33.0,22.0,22.0,0,0,0,0,0,0,1,22,1,22,-1,-1,1,0,0,0,0,0,0,0,0,0,No Label
131.202.240.242-131.202.244.3-57304-53-17,131.202.240.242,57304,131.202.244.3,53,17,29/04/2015 12:53:27 PM,65043,0,2,0.0,469.0,0,0,0,0,426.0,43.0,234.5,270.82189719444773,7210.6145165505895,30.748889196377778,65043.0,0.0,65043.0,65043.0,0,0,0,0,0,65043.0,65043.0,0.0,65043.0,65043.0,0,0,0,0,0,16,0.0,30.748889196377778,43.0,426.0,170.66666666666669,221.1251530996267,48896.333333333336,0,0,0,0,0,0,0,0,0.0,256.0,0.0,234.5,0,0,0,0,0,0,0,0,2,469,-1,-1,0,0,0,0,0,0,0,0,0,0,No Label
131.202.240.242-224.0.0.252-57293-5355-17,131.202.240.242,57293,224.0.0.252,5355,17,29/04/2015 12:44:04 PM,409554,1,1,22.0,22.0,22.0,22.0,22.0,0.0,22.0,22.0,22.0,0.0,107.43394033509624,4.883360924322556,409554.0,0.0,409554.0,409554.0,0,0,0,0,0,0,0,0,0,0,0,0,0,0,8,8,2.441680462161278,2.441680462161278,22.0,22.0,22.0,0.0,0.0,0,0,0,0,0,0,0,0,1.0,33.0,22.0,22.0,0,0,0,0,0,0,1,22,1,22,-1,-1,1,0,0,0,0,0,0,0,0,0,No Label
131.202.240.242-224.0.0.252-56098-5355-17,131.202.240.242,56098,224.0.0.252,5355,17,29/04/2015 12:44:12 PM,418522,1,1,22.0,22.0,22.0,22.0,22.0,0.0,22.0,22.0,22.0,0.0,105.1318688145426,4.778721309751936,418522.0,0.0,418522.0,418522.0,0,0,0,0,0,0,0,0,0,0,0,0,0,0,8,8,2.389360654875968,2.389360654875968,22.0,22.0,22.0,0.0,0.0,0,0,0,0,0,0,0,0,1.0,33.0,22.0,22.0,0,0,0,0,0,0,1,22,1,22,-1,-1,1,0,0,0,0,0,0,0,0,0,No Label
131.202.240.242-224.0.0.252-64525-5355-17,131.202.240.242,64525,224.0.0.252,5355,17,29/04/2015 12:47:33 PM,422070,1,1,22.0,22.0,22.0,22.0,22.0,0.0,22.0,22.0,22.0,0.0,104.24811050299714,4.73855047740896,422070.0,0.0,422070.0,422070.0,0,0,0,0,0,0,0,0,0,0,0,0,0,0,8,8,2.36927523870448,2.36927523870448,22.0,22.0,22.0,0.0,0.0,0,0,0,0,0,0,0,0,1.0,33.0,22.0,22.0,0,0,0,0,0,0,1,22,1,22,-1,-1,1,0,0,0,0,0,0,0,0,0,No Label
131.202.240.242-224.0.0.252-54419-5355-17,131.202.240.242,54419,224.0.0.252,5355,17,29/04/2015 12:49:18 PM,421000,1,1,22.0,22.0,22.0,22.0,22.0,0.0,22.0,22.0,22.0,0.0,104.51306413301663,4.750593824228028,421000.0,0.0,421000.0,421000.0,0,0,0,0,0,0,0,0,0,0,0,0,0,0,8,8,2.375296912114014,2.375296912114014,22.0,22.0,22.0,0.0,0.0,0,0,0,0,0,0,0,0,1.0,33.0,22.0,22.0,0,0,0,0,0,0,1,22,1,22,-1,-1,1,0,0,0,0,0,0,0,0,0,No Label
131.202.240.242-224.0.0.252-56111-5355-17,131.202.240.242,56111,224.0.0.252,5355,17,29/04/2015 12:49:19 PM,423915,1,1,22.0,22.0,22.0,22.0,22.0,0.0,22.0,22.0,22.0,0.0,103.79439274382837,4.717926942901289,423915.0,0.0,423915.0,423915.0,0,0,0,0,0,0,0,0,0,0,0,0,0,0,8,8,2.3589634714506444,2.3589634714506444,22.0,22.0,22.0,0.0,0.0,0,0,0,0,0,0,0,0,1.0,33.0,22.0,22.0,0,0,0,0,0,0,1,22,1,22,-1,-1,1,0,0,0,0,0,0,0,0,0,No Label
131.202.240.242-224.0.0.252-61694-5355-17,131.202.240.242,61694,224.0.0.252,5355,17,29/04/2015 12:50:13 PM,419270,1,1,22.0,22.0,22.0,22.0,22.0,0.0,22.0,22.0,22.0,0.0,104.94430796384192,4.770195816538269,419270.0,0.0,419270.0,419270.0,0,0,0,0,0,0,0,0,0,0,0,0,0,0,8,8,2.3850979082691346,2.3850979082691346,22.0,22.0,22.0,0.0,0.0,0,0,0,0,0,0,0,0,1.0,33.0,22.0,22.0,0,0,0,0,0,0,1,22,1,22,-1,-1,1,0,0,0,0,0,0,0,0,0,No Label
131.202.240.242-224.0.0.252-57897-5355-17,131.202.240.242,57897,224.0.0.252,5355,17,29/04/2015 12:43:55 PM,420066,1,1,22.0,22.0,22.0,22.0,22.0,0.0,22.0,22.0,22.0,0.0,104.74544476344194,4.7611565801564515,420066.0,0.0,420066.0,420066.0,0,0,0,0,0,0,0,0,0,0,0,0,0,0,8,8,2.3805782900782257,2.3805782900782257,22.0,22.0,22.0,0.0,0.0,0,0,0,0,0,0,0,0,1.0,33.0,22.0,22.0,0,0,0,0,0,0,1,22,1,22,-1,-1,1,0,0,0,0,0,0,0,0,0,No Label
131.202.240.242-224.0.0.252-58164-5355-17,131.202.240.242,58164,224.0.0.252,5355,17,29/04/2015 12:50:15 PM,421353,1,1,22.0,22.0,22.0,22.0,22.0,0.0,22.0,22.0,22.0,0.0,104.42550545504601,4.746613884320273,421353.0,0.0,421353.0,421353.0,0,0,0,0,0,0,0,0,0,0,0,0,0,0,8,8,2.3733069421601365,2.3733069421601365,22.0,22.0,22.0,0.0,0.0,0,0,0,0,0,0,0,0,1.0,33.0,22.0,22.0,0,0,0,0,0,0,1,22,1,22,-1,-1,1,0,0,0,0,0,0,0,0,0,No Label
131.202.240.242-224.0.0.252-64498-5355-17,131.202.240.242,64498,224.0.0.252,5355,17,29/04/2015 12:43:56 PM,420647,1,1,22.0,22.0,22.0,22.0,22.0,0.0,22.0,22.0,22.0,0.0,104.60076976657388,4.754580443935176,420647.0,0.0,420647.0,420647.0,0,0,0,0,0,0,0,0,0,0,0,0,0,0,8,8,2.377290221967588,2.377290221967588,22.0,22.0,22.0,0.0,0.0,0,0,0,0,0,0,0,0,1.0,33.0,22.0,22.0,0,0,0,0,0,0,1,22,1,22,-1,-1,1,0,0,0,0,0,0,0,0,0,No Label
131.202.240.242-224.0.0.252-61338-5355-17,131.202.240.242,61338,224.0.0.252,5355,17,29/04/2015 12:43:16 PM,421108,1,1,22.0,22.0,22.0,22.0,22.0,0.0,22.0,22.0,22.0,0.0,104.48626005680254,4.749375457127388,421108.0,0.0,421108.0,421108.0,0,0,0,0,0,0,0,0,0,0,0,0,0,0,8,8,2.374687728563694,2.374687728563694,22.0,22.0,22.0,0.0,0.0,0,0,0,0,0,0,0,0,1.0,33.0,22.0,22.0,0,0,0,0,0,0,1,22,1,22,-1,-1,1,0,0,0,0,0,0,0,0,0,No Label
131.202.240.242-224.0.0.252-62943-5355-17,131.202.240.242,62943,224.0.0.252,5355,17,29/04/2015 12:51:47 PM,411478,1,1,22.0,22.0,22.0,22.0,22.0,0.0,22.0,22.0,22.0,0.0,106.93159780109751,4.860527172777159,411478.0,0.0,411478.0,411478.0,0,0,0,0,0,0,0,0,0,0,0,0,0,0,8,8,2.4302635863885795,2.4302635863885795,22.0,22.0,22.0,0.0,0.0,0,0,0,0,0,0,0,0,1.0,33.0,22.0,22.0,0,0,0,0,0,0,1,22,1,22,-1,-1,1,0,0,0,0,0,0,0,0,0,No Label
131.202.240.242-224.0.0.252-57312-5355-17,131.202.240.242,57312,224.0.0.252,5355,17,29/04/2015 12:45:50 PM,421544,1,1,22.0,22.0,22.0,22.0,22.0,0.0,22.0,22.0,22.0,0.0,104.3781906515097,4.744463211432259,421544.0,0.0,421544.0,421544.0,0,0,0,0,0,0,0,0,0,0,0,0,0,0,8,8,2.3722316057161295,2.3722316057161295,22.0,22.0,22.0,0.0,0.0,0,0,0,0,0,0,0,0,1.0,33.0,22.0,22.0,0,0,0,0,0,0,1,22,1,22,-1,-1,1,0,0,0,0,0,0,0,0,0,No Label
131.202.240.242-224.0.0.252-50953-5355-17,131.202.240.242,50953,224.0.0.252,5355,17,29/04/2015 12:46:52 PM,422353,1,1,22.0,22.0,22.0,22.0,22.0,0.0,22.0,22.0,22.0,0.0,104.17825847099465,4.735375385045211,422353.0,0.0,422353.0,422353.0,0,0,0,0,0,0,0,0,0,0,0,0,0,0,8,8,2.3676876925226056,2.3676876925226056,22.0,22.0,22.0,0.0,0.0,0,0,0,0,0,0,0,0,1.0,33.0,22.0,22.0,0,0,0,0,0,0,1,22,1,22,-1,-1,1,0,0,0,0,0,0,0,0,0,No Label
131.202.240.242-224.0.0.252-52271-5355-17,131.202.240.242,52271,224.0.0.252,5355,17,29/04/2015 12:45:03 PM,409420,1,1,22.0,22.0,22.0,22.0,22.0,0.0,22.0,22.0,22.0,0.0,107.46910263299301,4.8849592105905915,409420.0,0.0,409420.0,409420.0,0,0,0,0,0,0,0,0,0,0,0,0,0,0,8,8,2.4424796052952957,2.4424796052952957,22.0,22.0,22.0,0.0,0.0,0,0,0,0,0,0,0,0,1.0,33.0,22.0,22.0,0,0,0,0,0,0,1,22,1,22,-1,-1,1,0,0,0,0,0,0,0,0,0,No Label
131.202.240.242-224.0.0.252-54723-5355-17,131.202.240.242,54723,224.0.0.252,5355,17,29/04/2015 12:44:12 PM,420135,1,1,22.0,22.0,22.0,22.0,22.0,0.0,22.0,22.0,22.0,0.0,104.72824211265427,4.760374641484285,420135.0,0.0,420135.0,420135.0,0,0,0,0,0,0,0,0,0,0,0,0,0,0,8,8,2.3801873207421425,2.3801873207421425,22.0,22.0,22.0,0.0,0.0,0,0,0,0,0,0,0,0,1.0,33.0,22.0,22.0,0,0,0,0,0,0,1,22,1,22,-1,-1,1,0,0,0,0,0,0,0,0,0,No Label
131.202.240.242-224.0.0.252-61854-5355-17,131.202.240.242,61854,224.0.0.252,5355,17,29/04/2015 12:49:23 PM,420433,1,1,22.0,22.0,22.0,22.0,22.0,0.0,22.0,22.0,22.0,0.0,104.65401145961425,4.757000520891557,420433.0,0.0,420433.0,420433.0,0,0,0,0,0,0,0,0,0,0,0,0,0,0,8,8,2.3785002604457786,2.3785002604457786,22.0,22.0,22.0,0.0,0.0,0,0,0,0,0,0,0,0,1.0,33.0,22.0,22.0,0,0,0,0,0,0,1,22,1,22,-1,-1,1,0,0,0,0,0,0,0,0,0,No Label
131.202.240.242-224.0.0.252-64631-5355-17,131.202.240.242,64631,224.0.0.252,5355,17,29/04/2015 12:50:06 PM,420941,1,1,22.0,22.0,22.0,22.0,22.0,0.0,22.0,22.0,22.0,0.0,104.52771290988522,4.751259677722056,420941.0,0.0,420941.0,420941.0,0,0,0,0,0,0,0,0,0,0,0,0,0,0,8,8,2.375629838861028,2.375629838861028,22.0,22.0,22.0,0.0,0.0,0,0,0,0,0,0,0,0,1.0,33.0,22.0,22.0,0,0,0,0,0,0,1,22,1,22,-1,-1,1,0,0,0,0,0,0,0,0,0,No Label
131.202.240.242-224.0.0.252-49362-5355-17,131.202.240.242,49362,224.0.0.252,5355,17,29/04/2015 12:49:23 PM,420721,1,1,22.0,22.0,22.0,22.0,22.0,0.0,22.0,22.0,22.0,0.0,104.58237169050273,4.753744167750124,420721.0,0.0,420721.0,420721.0,0,0,0,0,0,0,0,0,0,0,0,0,0,0,8,8,2.376872083875062,2.376872083875062,22.0,22.0,22.0,0.0,0.0,0,0,0,0,0,0,0,0,1.0,33.0,22.0,22.0,0,0,0,0,0,0,1,22,1,22,-1,-1,1,0,0,0,0,0,0,0,0,0,No Label
131.202.240.242-224.0.0.252-61096-5355-17,131.202.240.242,61096,224.0.0.252,5355,17,29/04/2015 12:43:51 PM,418663,1,1,22.0,22.0,22.0,22.0,22.0,0.0,22.0,22.0,22.0,0.0,105.09646183207019,4.777111901457736,418663.0,0.0,418663.0,418663.0,0,0,0,0,0,0,0,0,0,0,0,0,0,0,8,8,2.388555950728868,2.388555950728868,22.0,22.0,22.0,0.0,0.0,0,0,0,0,0,0,0,0,1.0,33.0,22.0,22.0,0,0,0,0,0,0,1,22,1,22,-1,-1,1,0,0,0,0,0,0,0,0,0,No Label
131.202.240.242-224.0.0.252-58365-5355-17,131.202.240.242,58365,224.0.0.252,5355,17,29/04/2015 12:48:09 PM,420429,1,1,22.0,22.0,22.0,22.0,22.0,0.0,22.0,22.0,22.0,0.0,104.65500714746129,4.757045779430058,420429.0,0.0,420429.0,420429.0,0,0,0,0,0,0,0,0,0,0,0,0,0,0,8,8,2.378522889715029,2.378522889715029,22.0,22.0,22.0,0.0,0.0,0,0,0,0,0,0,0,0,1.0,33.0,22.0,22.0,0,0,0,0,0,0,1,22,1,22,-1,-1,1,0,0,0,0,0,0,0,0,0,No Label
131.202.240.242-224.0.0.252-58874-5355-17,131.202.240.242,58874,224.0.0.252,5355,17,29/04/2015 12:44:13 PM,421316,1,1,22.0,22.0,22.0,22.0,22.0,0.0,22.0,22.0,22.0,0.0,104.43467611009314,4.7470307322769605,421316.0,0.0,421316.0,421316.0,0,0,0,0,0,0,0,0,0,0,0,0,0,0,8,8,2.3735153661384802,2.3735153661384802,22.0,22.0,22.0,0.0,0.0,0,0,0,0,0,0,0,0,1.0,33.0,22.0,22.0,0,0,0,0,0,0,1,22,1,22,-1,-1,1,0,0,0,0,0,0,0,0,0,No Label
131.202.240.242-224.0.0.252-54351-5355-17,131.202.240.242,54351,224.0.0.252,5355,17,29/04/2015 12:48:38 PM,411254,1,1,22.0,22.0,22.0,22.0,22.0,0.0,22.0,22.0,22.0,0.0,106.9898408282959,4.8631745831043585,411254.0,0.0,411254.0,411254.0,0,0,0,0,0,0,0,0,0,0,0,0,0,0,8,8,2.4315872915521792,2.4315872915521792,22.0,22.0,22.0,0.0,0.0,0,0,0,0,0,0,0,0,1.0,33.0,22.0,22.0,0,0,0,0,0,0,1,22,1,22,-1,-1,1,0,0,0,0,0,0,0,0,0,No Label
131.202.240.242-224.0.0.252-53996-5355-17,131.202.240.242,53996,224.0.0.252,5355,17,29/04/2015 12:48:49 PM,420975,1,1,22.0,22.0,22.0,22.0,22.0,0.0,22.0,22.0,22.0,0.0,104.5192707405428,4.750875942751945,420975.0,0.0,420975.0,420975.0,0,0,0,0,0,0,0,0,0,0,0,0,0,0,8,8,2.3754379713759723,2.3754379713759723,22.0,22.0,22.0,0.0,0.0,0,0,0,0,0,0,0,0,1.0,33.0,22.0,22.0,0,0,0,0,0,0,1,22,1,22,-1,-1,1,0,0,0,0,0,0,0,0,0,No Label
131.202.240.242-224.0.0.252-57070-5355-17,131.202.240.242,57070,224.0.0.252,5355,17,29/04/2015 12:50:12 PM,422662,1,1,22.0,22.0,22.0,22.0,22.0,0.0,22.0,22.0,22.0,0.0,104.10209576446428,4.731913443839286,422662.0,0.0,422662.0,422662.0,0,0,0,0,0,0,0,0,0,0,0,0,0,0,8,8,2.365956721919643,2.365956721919643,22.0,22.0,22.0,0.0,0.0,0,0,0,0,0,0,0,0,1.0,33.0,22.0,22.0,0,0,0,0,0,0,1,22,1,22,-1,-1,1,0,0,0,0,0,0,0,0,0,No Label
131.202.240.242-224.0.0.252-50750-5355-17,131.202.240.242,50750,224.0.0.252,5355,17,29/04/2015 12:46:51 PM,419875,1,1,22.0,22.0,22.0,22.0,22.0,0.0,22.0,22.0,22.0,0.0,104.79309318249479,4.763322417386127,419875.0,0.0,419875.0,419875.0,0,0,0,0,0,0,0,0,0,0,0,0,0,0,8,8,2.3816612086930635,2.3816612086930635,22.0,22.0,22.0,0.0,0.0,0,0,0,0,0,0,0,0,1.0,33.0,22.0,22.0,0,0,0,0,0,0,1,22,1,22,-1,-1,1,0,0,0,0,0,0,0,0,0,No Label
131.202.240.242-224.0.0.252-49321-5355-17,131.202.240.242,49321,224.0.0.252,5355,17,29/04/2015 12:49:01 PM,420947,1,1,22.0,22.0,22.0,22.0,22.0,0.0,22.0,22.0,22.0,0.0,104.52622301619918,4.751191955281781,420947.0,0.0,420947.0,420947.0,0,0,0,0,0,0,0,0,0,0,0,0,0,0,8,8,2.3755959776408906,2.3755959776408906,22.0,22.0,22.0,0.0,0.0,0,0,0,0,0,0,0,0,1.0,33.0,22.0,22.0,0,0,0,0,0,0,1,22,1,22,-1,-1,1,0,0,0,0,0,0,0,0,0,No Label
131.202.240.242-224.0.0.252-56882-5355-17,131.202.240.242,56882,224.0.0.252,5355,17,29/04/2015 12:46:01 PM,422300,1,1,22.0,22.0,22.0,22.0,22.0,0.0,22.0,22.0,22.0,0.0,104.19133317546768,4.735969689793985,422300.0,0.0,422300.0,422300.0,0,0,0,0,0,0,0,0,0,0,0,0,0,0,8,8,2.3679848448969927,2.3679848448969927,22.0,22.0,22.0,0.0,0.0,0,0,0,0,0,0,0,0,1.0,33.0,22.0,22.0,0,0,0,0,0,0,1,22,1,22,-1,-1,1,0,0,0,0,0,0,0,0,0,No Label
131.202.240.242-224.0.0.252-54672-5355-17,131.202.240.242,54672,224.0.0.252,5355,17,29/04/2015 12:52:59 PM,421092,1,1,22.0,22.0,22.0,22.0,22.0,0.0,22.0,22.0,22.0,0.0,104.49023016347971,4.749555916521805,421092.0,0.0,421092.0,421092.0,0,0,0,0,0,0,0,0,0,0,0,0,0,0,8,8,2.3747779582609025,2.3747779582609025,22.0,22.0,22.0,0.0,0.0,0,0,0,0,0,0,0,0,1.0,33.0,22.0,22.0,0,0,0,0,0,0,1,22,1,22,-1,-1,1,0,0,0,0,0,0,0,0,0,No Label
131.202.240.242-224.0.0.252-49336-5355-17,131.202.240.242,49336,224.0.0.252,5355,17,29/04/2015 12:47:47 PM,411568,1,1,22.0,22.0,22.0,22.0,22.0,0.0,22.0,22.0,22.0,0.0,106.90821443844031,4.859464292656377,411568.0,0.0,411568.0,411568.0,0,0,0,0,0,0,0,0,0,0,0,0,0,0,8,8,2.4297321463281887,2.4297321463281887,22.0,22.0,22.0,0.0,0.0,0,0,0,0,0,0,0,0,1.0,33.0,22.0,22.0,0,0,0,0,0,0,1,22,1,22,-1,-1,1,0,0,0,0,0,0,0,0,0,No Label
131.202.240.242-224.0.0.252-54899-5355-17,131.202.240.242,54899,224.0.0.252,5355,17,29/04/2015 12:53:16 PM,420929,1,1,22.0,22.0,22.0,22.0,22.0,0.0,22.0,22.0,22.0,0.0,104.53069282468064,4.751395128394575,420929.0,0.0,420929.0,420929.0,0,0,0,0,0,0,0,0,0,0,0,0,0,0,8,8,2.3756975641972873,2.3756975641972873,22.0,22.0,22.0,0.0,0.0,0,0,0,0,0,0,0,0,1.0,33.0,22.0,22.0,0,0,0,0,0,0,1,22,1,22,-1,-1,1,0,0,0,0,0,0,0,0,0,No Label
131.202.240.242-224.0.0.252-64520-5355-17,131.202.240.242,64520,224.0.0.252,5355,17,29/04/2015 12:45:32 PM,414271,1,1,22.0,22.0,22.0,22.0,22.0,0.0,22.0,22.0,22.0,0.0,106.21066886168715,4.827757675531235,414271.0,0.0,414271.0,414271.0,0,0,0,0,0,0,0,0,0,0,0,0,0,0,8,8,2.4138788377656173,2.4138788377656173,22.0,22.0,22.0,0.0,0.0,0,0,0,0,0,0,0,0,1.0,33.0,22.0,22.0,0,0,0,0,0,0,1,22,1,22,-1,-1,1,0,0,0,0,0,0,0,0,0,No Label
131.202.240.242-224.0.0.252-55849-5355-17,131.202.240.242,55849,224.0.0.252,5355,17,29/04/2015 12:50:12 PM,422158,1,1,22.0,22.0,22.0,22.0,22.0,0.0,22.0,22.0,22.0,0.0,104.22637969670124,4.73756271348642,422158.0,0.0,422158.0,422158.0,0,0,0,0,0,0,0,0,0,0,0,0,0,0,8,8,2.36878135674321,2.36878135674321,22.0,22.0,22.0,0.0,0.0,0,0,0,0,0,0,0,0,1.0,33.0,22.0,22.0,0,0,0,0,0,0,1,22,1,22,-1,-1,1,0,0,0,0,0,0,0,0,0,No Label
8.0.6.4-8.6.0.1-0-0-0,8.6.0.1,0,8.0.6.4,0,0,29/04/2015 12:53:09 PM,1098,1,1,0.0,0.0,0.0,0.0,0.0,0.0,0.0,0.0,0.0,0.0,0.0,1821.4936247723133,1098.0,0.0,1098.0,1098.0,0,0,0,0,0,0,0,0,0,0,0,0,0,0,0,0,910.7468123861566,910.7468123861566,0.0,0.0,0.0,0.0,0.0,0,0,0,0,0,0,0,0,1.0,0.0,0.0,0.0,0,0,0,0,0,0,1,0,1,0,-1,-1,0,0,0,0,0,0,0,0,0,0,No Label
131.202.240.242-224.0.0.252-55455-5355-17,131.202.240.242,55455,224.0.0.252,5355,17,29/04/2015 12:47:02 PM,420098,1,1,22.0,22.0,22.0,22.0,22.0,0.0,22.0,22.0,22.0,0.0,104.73746601983346,4.76079390999243,420098.0,0.0,420098.0,420098.0,0,0,0,0,0,0,0,0,0,0,0,0,0,0,8,8,2.380396954996215,2.380396954996215,22.0,22.0,22.0,0.0,0.0,0,0,0,0,0,0,0,0,1.0,33.0,22.0,22.0,0,0,0,0,0,0,1,22,1,22,-1,-1,1,0,0,0,0,0,0,0,0,0,No Label
131.202.240.242-224.0.0.252-57541-5355-17,131.202.240.242,57541,224.0.0.252,5355,17,29/04/2015 12:44:10 PM,420634,1,1,22.0,22.0,22.0,22.0,22.0,0.0,22.0,22.0,22.0,0.0,104.60400252951497,4.754727387705226,420634.0,0.0,420634.0,420634.0,0,0,0,0,0,0,0,0,0,0,0,0,0,0,8,8,2.377363693852613,2.377363693852613,22.0,22.0,22.0,0.0,0.0,0,0,0,0,0,0,0,0,1.0,33.0,22.0,22.0,0,0,0,0,0,0,1,22,1,22,-1,-1,1,0,0,0,0,0,0,0,0,0,No Label
131.202.240.242-224.0.0.252-53360-5355-17,131.202.240.242,53360,224.0.0.252,5355,17,29/04/2015 12:50:11 PM,421048,1,1,22.0,22.0,22.0,22.0,22.0,0.0,22.0,22.0,22.0,0.0,104.50114951264464,4.750052250574757,421048.0,0.0,421048.0,421048.0,0,0,0,0,0,0,0,0,0,0,0,0,0,0,8,8,2.3750261252873783,2.3750261252873783,22.0,22.0,22.0,0.0,0.0,0,0,0,0,0,0,0,0,1.0,33.0,22.0,22.0,0,0,0,0,0,0,1,22,1,22,-1,-1,1,0,0,0,0,0,0,0,0,0,No Label
131.202.240.242-224.0.0.252-58819-5355-17,131.202.240.242,58819,224.0.0.252,5355,17,29/04/2015 12:45:26 PM,416774,1,1,22.0,22.0,22.0,22.0,22.0,0.0,22.0,22.0,22.0,0.0,105.57280444557483,4.798763838435219,416774.0,0.0,416774.0,416774.0,0,0,0,0,0,0,0,0,0,0,0,0,0,0,8,8,2.3993819192176096,2.3993819192176096,22.0,22.0,22.0,0.0,0.0,0,0,0,0,0,0,0,0,1.0,33.0,22.0,22.0,0,0,0,0,0,0,1,22,1,22,-1,-1,1,0,0,0,0,0,0,0,0,0,No Label
131.202.240.242-224.0.0.252-59401-5355-17,131.202.240.242,59401,224.0.0.252,5355,17,29/04/2015 12:53:13 PM,420974,1,1,22.0,22.0,22.0,22.0,22.0,0.0,22.0,22.0,22.0,0.0,104.51951902017701,4.750887228189864,420974.0,0.0,420974.0,420974.0,0,0,0,0,0,0,0,0,0,0,0,0,0,0,8,8,2.375443614094932,2.375443614094932,22.0,22.0,22.0,0.0,0.0,0,0,0,0,0,0,0,0,1.0,33.0,22.0,22.0,0,0,0,0,0,0,1,22,1,22,-1,-1,1,0,0,0,0,0,0,0,0,0,No Label
131.202.240.242-224.0.0.252-55236-5355-17,131.202.240.242,55236,224.0.0.252,5355,17,29/04/2015 12:51:48 PM,417218,1,1,22.0,22.0,22.0,22.0,22.0,0.0,22.0,22.0,22.0,0.0,105.46045472630615,4.7936570330139165,417218.0,0.0,417218.0,417218.0,0,0,0,0,0,0,0,0,0,0,0,0,0,0,8,8,2.3968285165069583,2.3968285165069583,22.0,22.0,22.0,0.0,0.0,0,0,0,0,0,0,0,0,1.0,33.0,22.0,22.0,0,0,0,0,0,0,1,22,1,22,-1,-1,1,0,0,0,0,0,0,0,0,0,No Label
131.202.240.242-224.0.0.252-56095-5355-17,131.202.240.242,56095,224.0.0.252,5355,17,29/04/2015 12:49:43 PM,420260,1,1,22.0,22.0,22.0,22.0,22.0,0.0,22.0,22.0,22.0,0.0,104.69709227620996,4.758958739827725,420260.0,0.0,420260.0,420260.0,0,0,0,0,0,0,0,0,0,0,0,0,0,0,8,8,2.3794793699138626,2.3794793699138626,22.0,22.0,22.0,0.0,0.0,0,0,0,0,0,0,0,0,1.0,33.0,22.0,22.0,0,0,0,0,0,0,1,22,1,22,-1,-1,1,0,0,0,0,0,0,0,0,0,No Label
131.202.240.242-205.188.12.43-31783-443-6,131.202.240.242,31783,205.188.12.43,443,6,29/04/2015 12:50:42 PM,17304927,1,3,74.0,122.0,74.0,74.0,74.0,0.0,122.0,0.0,40.66666666666667,70.43673284113434,11.326254077812637,0.23114804240433953,5768309.0,9895788.232722241,1.7194981E7,54959.0,0,0,0,0,0,1.7304927E7,8652463.5,1.2158707466463715E7,1.7249968E7,54959.0,0,1,0,0,20,60,0.05778701060108488,0.17336103180325466,0.0,122.0,63.6,61.276422872096575,3754.8,0,0,0,1,1,0,0,0,3.0,79.5,74.0,40.666666666666664,0,0,0,0,0,0,1,74,3,122,-1,16384,1,0,54959.0,0.0,54959.0,54959.0,1.7194981E7,0.0,1.7194981E7,1.7194981E7,No Label
131.202.240.242-224.0.0.252-56671-5355-17,131.202.240.242,56671,224.0.0.252,5355,17,29/04/2015 12:49:20 PM,421124,1,1,22.0,22.0,22.0,22.0,22.0,0.0,22.0,22.0,22.0,0.0,104.48229025180233,4.74919501144556,421124.0,0.0,421124.0,421124.0,0,0,0,0,0,0,0,0,0,0,0,0,0,0,8,8,2.37459750572278,2.37459750572278,22.0,22.0,22.0,0.0,0.0,0,0,0,0,0,0,0,0,1.0,33.0,22.0,22.0,0,0,0,0,0,0,1,22,1,22,-1,-1,1,0,0,0,0,0,0,0,0,0,No Label
131.202.240.242-178.237.18.202-31773-443-6,131.202.240.242,31773,178.237.18.202,443,6,29/04/2015 12:50:22 PM,29991828,1,2,6.0,0.0,6.0,6.0,6.0,0.0,0.0,0.0,0.0,0.0,0.2000544948443956,0.1000272474221978,1.4995914E7,2.0964215581591457E7,2.9819853E7,171975.0,0,0,0,0,0,2.9991828E7,2.9991828E7,0.0,2.9991828E7,2.9991828E7,0,0,0,0,20,40,0.033342415807399266,0.06668483161479853,0.0,6.0,1.5,3.0,9.0,0,0,0,0,1,0,0,0,2.0,2.0,6.0,0.0,0,0,0,0,0,0,1,6,2,0,-1,16384,1,0,0,0,0,0,2.9819853E7,0.0,2.9819853E7,2.9819853E7,No Label
131.202.240.242-224.0.0.252-64131-5355-17,131.202.240.242,64131,224.0.0.252,5355,17,29/04/2015 12:51:31 PM,409830,1,1,22.0,22.0,22.0,22.0,22.0,0.0,22.0,22.0,22.0,0.0,107.36158895151648,4.880072225068931,409830.0,0.0,409830.0,409830.0,0,0,0,0,0,0,0,0,0,0,0,0,0,0,8,8,2.4400361125344654,2.4400361125344654,22.0,22.0,22.0,0.0,0.0,0,0,0,0,0,0,0,0,1.0,33.0,22.0,22.0,0,0,0,0,0,0,1,22,1,22,-1,-1,1,0,0,0,0,0,0,0,0,0,No Label
131.202.240.242-131.202.243.255-137-137-17,131.202.240.242,137,131.202.243.255,137,17,29/04/2015 12:50:47 PM,18642143,14,1,700.0,50.0,50.0,50.0,50.0,0.0,50.0,50.0,50.0,0.0,40.23142618313785,0.804628523662757,1331581.6428571427,2109058.976235778,8579531.0,202541.0,1.788997E7,1376151.5384615385,2188305.05928651,8579531.0,202541.0,0,0,0,0,0,0,0,0,0,112,8,0.7509866220852398,0.05364190157751713,50.0,50.0,50.0,0.0,0.0,0,0,0,0,0,0,0,0,0.0,53.333333333333336,50.0,50.0,0,0,0,0,0,0,14,700,1,50,-1,-1,14,0,1509782.0,0.0,1509782.0,1509782.0,8579531.0,0.0,8579531.0,8579531.0,No Label
131.202.240.242-224.0.0.252-53993-5355-17,131.202.240.242,53993,224.0.0.252,5355,17,29/04/2015 12:44:04 PM,410040,1,1,22.0,22.0,22.0,22.0,22.0,0.0,22.0,22.0,22.0,0.0,107.3066042337333,4.877572919715149,410040.0,0.0,410040.0,410040.0,0,0,0,0,0,0,0,0,0,0,0,0,0,0,8,8,2.4387864598575746,2.4387864598575746,22.0,22.0,22.0,0.0,0.0,0,0,0,0,0,0,0,0,1.0,33.0,22.0,22.0,0,0,0,0,0,0,1,22,1,22,-1,-1,1,0,0,0,0,0,0,0,0,0,No Label
131.202.240.242-131.202.240.45-51434-161-17,131.202.240.242,51434,131.202.240.45,161,17,29/04/2015 12:51:01 PM,14892301,473,475,45577.0,55732.0,118.0,43.0,96.3572938689218,30.456019183828765,180.0,46.0,117.33052631578954,44.24498129704175,6802.7768173635495,63.65705339960561,15725.766631467797,156276.8690803521,3708756.0,48.0,1.4886672E7,31539.559322033907,221952.30691199139,3739218.0,48.0,1.4892301E7,31418.356540084373,220982.3069204195,3711811.0,2407.0,0,0,0,0,3784,3800,31.76137790929689,31.89567549030872,43.0,180.0,106.83667017913592,39.38811644608863,1551.4237171706375,0,0,0,0,0,0,0,0,1.0,106.9493670886076,96.35729386892177,117.33052631578947,0,0,0,0,0,0,473,45577,475,55732,-1,-1,473,0,0,0,0,0,0,0,0,0,No Label
131.202.240.242-224.0.0.252-50762-5355-17,131.202.240.242,50762,224.0.0.252,5355,17,29/04/2015 12:48:05 PM,418021,1,1,22.0,22.0,22.0,22.0,22.0,0.0,22.0,22.0,22.0,0.0,105.25786981993728,4.784448628178968,418021.0,0.0,418021.0,418021.0,0,0,0,0,0,0,0,0,0,0,0,0,0,0,8,8,2.392224314089484,2.392224314089484,22.0,22.0,22.0,0.0,0.0,0,0,0,0,0,0,0,0,1.0,33.0,22.0,22.0,0,0,0,0,0,0,1,22,1,22,-1,-1,1,0,0,0,0,0,0,0,0,0,No Label
131.202.240.242-224.0.0.252-52875-5355-17,131.202.240.242,52875,224.0.0.252,5355,17,29/04/2015 12:53:44 PM,420899,1,1,22.0,22.0,22.0,22.0,22.0,0.0,22.0,22.0,22.0,0.0,104.53814335505668,4.751733788866212,420899.0,0.0,420899.0,420899.0,0,0,0,0,0,0,0,0,0,0,0,0,0,0,8,8,2.375866894433106,2.375866894433106,22.0,22.0,22.0,0.0,0.0,0,0,0,0,0,0,0,0,1.0,33.0,22.0,22.0,0,0,0,0,0,0,1,22,1,22,-1,-1,1,0,0,0,0,0,0,0,0,0,No Label
131.202.240.242-205.188.12.43-31783-443-6,131.202.240.242,31783,205.188.12.43,443,6,29/04/2015 12:51:13 PM,29949835,8,8,478.0,1622.0,234.0,0.0,59.74999999999999,89.41356560548132,644.0,0.0,202.75,213.45842686574827,70.11724772440316,0.5342266493287859,1996655.6666666667,5494350.181475313,2.1222544E7,90.0,2.9920093E7,4274299.0,7719913.480788694,2.1278175E7,26736.0,2.9934905E7,4276415.0,7714857.302138582,2.1278677E7,939.0,0,1,0,0,160,160,0.26711332466439297,0.26711332466439297,0.0,644.0,161.41176470588235,209.785324446066,44009.882352941175,0,0,0,1,1,0,0,0,1.0,171.5,59.75,202.75,0,0,0,0,0,0,8,478,8,1622,-1,16384,3,0,642914.5,751840.4774847521,1174546.0,111283.0,1.3143437E7,1.142558269126341E7,2.1222544E7,5064330.0,No Label
131.202.240.242-224.0.0.252-63135-5355-17,131.202.240.242,63135,224.0.0.252,5355,17,29/04/2015 12:49:30 PM,421010,1,1,22.0,22.0,22.0,22.0,22.0,0.0,22.0,22.0,22.0,0.0,104.51058169639676,4.750480986199853,421010.0,0.0,421010.0,421010.0,0,0,0,0,0,0,0,0,0,0,0,0,0,0,8,8,2.3752404930999265,2.3752404930999265,22.0,22.0,22.0,0.0,0.0,0,0,0,0,0,0,0,0,1.0,33.0,22.0,22.0,0,0,0,0,0,0,1,22,1,22,-1,-1,1,0,0,0,0,0,0,0,0,0,No Label
131.202.240.242-224.0.0.252-52993-5355-17,131.202.240.242,52993,224.0.0.252,5355,17,29/04/2015 12:45:50 PM,421790,1,1,22.0,22.0,22.0,22.0,22.0,0.0,22.0,22.0,22.0,0.0,104.3173143033263,4.74169610469665,421790.0,0.0,421790.0,421790.0,0,0,0,0,0,0,0,0,0,0,0,0,0,0,8,8,2.370848052348325,2.370848052348325,22.0,22.0,22.0,0.0,0.0,0,0,0,0,0,0,0,0,1.0,33.0,22.0,22.0,0,0,0,0,0,0,1,22,1,22,-1,-1,1,0,0,0,0,0,0,0,0,0,No Label
131.202.240.242-178.237.19.227-31776-443-6,131.202.240.242,31776,178.237.19.227,443,6,29/04/2015 12:50:52 PM,29990029,1,2,6.0,0.0,6.0,6.0,6.0,0.0,0.0,0.0,0.0,0.0,0.20006649543419916,0.10003324771709958,1.49950145E7,2.09624174090469E7,2.9817682E7,172347.0,0,0,0,0,0,2.9990029E7,2.9990029E7,0.0,2.9990029E7,2.9990029E7,0,0,0,0,20,40,0.03334441590569986,0.06668883181139972,0.0,6.0,1.5,3.0,9.0,0,0,0,0,1,0,0,0,2.0,2.0,6.0,0.0,0,0,0,0,0,0,1,6,2,0,-1,16384,1,0,0,0,0,0,2.9817682E7,0.0,2.9817682E7,2.9817682E7,No Label
131.202.240.242-178.237.18.202-31773-443-6,131.202.240.242,31773,178.237.18.202,443,6,29/04/2015 12:51:21 PM,172582,0,2,0.0,6.0,0,0,0,0,6.0,0.0,3.0,4.242640687119285,34.766082210195734,11.588694070065243,172582.0,0.0,172582.0,172582.0,0,0,0,0,0,172582.0,172582.0,0.0,172582.0,172582.0,0,1,0,0,0,40,0.0,11.588694070065243,0.0,6.0,4.0,3.4641016151377544,12.0,0,0,0,1,1,0,0,0,0.0,6.0,0.0,3.0,0,0,0,0,0,0,0,0,2,6,-1,16384,0,0,0,0,0,0,0,0,0,0,No Label
131.202.240.242-224.0.0.252-49451-5355-17,131.202.240.242,49451,224.0.0.252,5355,17,29/04/2015 12:46:51 PM,419592,1,1,22.0,22.0,22.0,22.0,22.0,0.0,22.0,22.0,22.0,0.0,104.86377242654768,4.766535110297622,419592.0,0.0,419592.0,419592.0,0,0,0,0,0,0,0,0,0,0,0,0,0,0,8,8,2.383267555148811,2.383267555148811,22.0,22.0,22.0,0.0,0.0,0,0,0,0,0,0,0,0,1.0,33.0,22.0,22.0,0,0,0,0,0,0,1,22,1,22,-1,-1,1,0,0,0,0,0,0,0,0,0,No Label
131.202.240.242-131.202.243.255-137-137-17,131.202.240.242,137,131.202.243.255,137,17,29/04/2015 12:51:25 PM,24920765,20,1,1000.0,50.0,50.0,50.0,50.0,0.0,50.0,50.0,50.0,0.0,42.133538035449554,0.842670760708991,1246038.2499999998,2376339.5792544796,1.0853222E7,31183.0,2.4166557E7,1271924.0526315793,2438558.063317803,1.0853222E7,31183.0,0,0,0,0,0,0,0,0,0,160,8,0.8025435816276105,0.040127179081380526,50.0,50.0,50.0,0.0,0.0,0,0,0,0,0,0,0,0,0.0,52.38095238095238,50.0,50.0,0,0,0,0,0,0,20,1000,1,50,-1,-1,20,0,1.1352668E7,0.0,1.1352668E7,1.1352668E7,1.0853222E7,0.0,1.0853222E7,1.0853222E7,No Label
131.202.240.242-224.0.0.252-63058-5355-17,131.202.240.242,63058,224.0.0.252,5355,17,29/04/2015 12:43:45 PM,420654,1,1,22.0,22.0,22.0,22.0,22.0,0.0,22.0,22.0,22.0,0.0,104.59902913082962,4.754501324128619,420654.0,0.0,420654.0,420654.0,0,0,0,0,0,0,0,0,0,0,0,0,0,0,8,8,2.3772506620643097,2.3772506620643097,22.0,22.0,22.0,0.0,0.0,0,0,0,0,0,0,0,0,1.0,33.0,22.0,22.0,0,0,0,0,0,0,1,22,1,22,-1,-1,1,0,0,0,0,0,0,0,0,0,No Label
131.202.240.242-224.0.0.252-50302-5355-17,131.202.240.242,50302,224.0.0.252,5355,17,29/04/2015 12:44:31 PM,413799,1,1,22.0,22.0,22.0,22.0,22.0,0.0,22.0,22.0,22.0,0.0,106.33181810492535,4.833264459314789,413799.0,0.0,413799.0,413799.0,0,0,0,0,0,0,0,0,0,0,0,0,0,0,8,8,2.4166322296573943,2.4166322296573943,22.0,22.0,22.0,0.0,0.0,0,0,0,0,0,0,0,0,1.0,33.0,22.0,22.0,0,0,0,0,0,0,1,22,1,22,-1,-1,1,0,0,0,0,0,0,0,0,0,No Label
131.202.240.242-131.202.240.45-51434-161-17,131.202.240.242,51434,131.202.240.45,161,17,29/04/2015 12:51:31 PM,29689,3,5,237.0,455.0,79.0,79.0,79.0,0.0,94.0,79.0,91.0,6.708203932499369,23308.29600188622,269.46006938596787,4241.285714285715,3917.2140063351876,7643.0,53.0,110.0,55.0,2.8284271247461903,57.0,53.0,29689.0,7422.25,356.22874205581263,7726.0,6934.0,0,0,0,0,24,40,101.04752601973794,168.41254336622993,79.0,94.0,85.66666666666667,7.905694150420947,62.499999999999986,0,0,0,0,0,0,0,0,1.0,96.375,79.0,91.0,0,0,0,0,0,0,3,237,5,455,-1,-1,3,0,0,0,0,0,0,0,0,0,No Label
131.202.240.242-224.0.0.252-57378-5355-17,131.202.240.242,57378,224.0.0.252,5355,17,29/04/2015 12:45:13 PM,420074,1,1,22.0,22.0,22.0,22.0,22.0,0.0,22.0,22.0,22.0,0.0,104.74344996357785,4.7610659074353565,420074.0,0.0,420074.0,420074.0,0,0,0,0,0,0,0,0,0,0,0,0,0,0,8,8,2.3805329537176783,2.3805329537176783,22.0,22.0,22.0,0.0,0.0,0,0,0,0,0,0,0,0,1.0,33.0,22.0,22.0,0,0,0,0,0,0,1,22,1,22,-1,-1,1,0,0,0,0,0,0,0,0,0,No Label
131.202.240.242-224.0.0.252-54617-5355-17,131.202.240.242,54617,224.0.0.252,5355,17,29/04/2015 12:50:21 PM,420985,1,1,22.0,22.0,22.0,22.0,22.0,0.0,22.0,22.0,22.0,0.0,104.51678800907396,4.750763091321543,420985.0,0.0,420985.0,420985.0,0,0,0,0,0,0,0,0,0,0,0,0,0,0,8,8,2.3753815456607716,2.3753815456607716,22.0,22.0,22.0,0.0,0.0,0,0,0,0,0,0,0,0,1.0,33.0,22.0,22.0,0,0,0,0,0,0,1,22,1,22,-1,-1,1,0,0,0,0,0,0,0,0,0,No Label
8.0.6.4-8.6.0.1-0-0-0,8.6.0.1,0,8.0.6.4,0,0,29/04/2015 12:51:12 PM,28796437,2,1,0.0,0.0,0.0,0.0,0.0,0.0,0.0,0.0,0.0,0.0,0.0,0.10417955526928557,1.43982185E7,2.0356890759618487E7,2.8792714E7,3723.0,3723.0,3723.0,0.0,3723.0,3723.0,0,0,0,0,0,0,0,0,0,0,0,0.06945303684619038,0.03472651842309519,0.0,0.0,0.0,0.0,0.0,0,0,0,0,0,0,0,0,0.0,0.0,0.0,0.0,0,0,0,0,0,0,2,0,1,0,-1,-1,0,0,0,0,0,0,2.8792714E7,0.0,2.8792714E7,2.8792714E7,No Label
131.202.240.242-131.202.244.3-54743-53-17,131.202.240.242,54743,131.202.244.3,53,17,29/04/2015 12:52:26 PM,80466,0,2,0.0,469.0,0,0,0,0,426.0,43.0,234.5,270.82189719444773,5828.548703800363,24.855218353093232,80466.0,0.0,80466.0,80466.0,0,0,0,0,0,80466.0,80466.0,0.0,80466.0,80466.0,0,0,0,0,0,16,0.0,24.855218353093232,43.0,426.0,170.66666666666669,221.1251530996267,48896.333333333336,0,0,0,0,0,0,0,0,0.0,256.0,0.0,234.5,0,0,0,0,0,0,0,0,2,469,-1,-1,0,0,0,0,0,0,0,0,0,0,No Label
131.202.240.242-131.202.243.255-137-137-17,131.202.240.242,137,131.202.243.255,137,17,29/04/2015 12:51:55 PM,12239585,5,1,250.0,50.0,50.0,50.0,50.0,0.0,50.0,50.0,50.0,0.0,24.510634960253963,0.49021269920507926,2447917.0,3797095.7214320395,9240354.0,738515.0,1.150107E7,2875267.5,4243393.872592432,9240354.0,747842.0,0,0,0,0,0,0,0,0,0,40,8,0.4085105826708994,0.08170211653417987,50.0,50.0,50.0,0.0,0.0,0,0,0,0,0,0,0,0,0.0,58.333333333333336,50.0,50.0,0,0,0,0,0,0,5,250,1,50,-1,-1,5,0,1498408.0,0.0,1498408.0,1498408.0,9240354.0,0.0,9240354.0,9240354.0,No Label
131.202.240.242-131.202.244.5-54743-53-17,131.202.240.242,54743,131.202.244.5,53,17,29/04/2015 12:52:26 PM,197450,0,2,0.0,469.0,0,0,0,0,426.0,43.0,234.5,270.82189719444773,2375.284882248671,10.129146619397316,197450.0,0.0,197450.0,197450.0,0,0,0,0,0,197450.0,197450.0,0.0,197450.0,197450.0,0,0,0,0,0,16,0.0,10.129146619397316,43.0,426.0,170.66666666666669,221.1251530996267,48896.333333333336,0,0,0,0,0,0,0,0,0.0,256.0,0.0,234.5,0,0,0,0,0,0,0,0,2,469,-1,-1,0,0,0,0,0,0,0,0,0,0,No Label
131.202.240.242-131.202.240.45-51434-161-17,131.202.240.242,51434,131.202.240.45,161,17,29/04/2015 12:52:01 PM,30310,3,5,237.0,455.0,79.0,79.0,79.0,0.0,94.0,79.0,91.0,6.708203932499369,22830.74892774662,263.93929396238866,4330.0,3991.937875268101,7755.0,48.0,101.0,50.5,3.5355339059327378,53.0,48.0,30310.0,7577.5,158.69572563031844,7755.0,7430.0,0,0,0,0,24,40,98.97723523589575,164.9620587264929,79.0,94.0,85.66666666666667,7.905694150420947,62.499999999999986,0,0,0,0,0,0,0,0,1.0,96.375,79.0,91.0,0,0,0,0,0,0,3,237,5,455,-1,-1,3,0,0,0,0,0,0,0,0,0,No Label
131.202.240.242-224.0.0.252-49645-5355-17,131.202.240.242,49645,224.0.0.252,5355,17,29/04/2015 12:44:04 PM,420710,1,1,22.0,22.0,22.0,22.0,22.0,0.0,22.0,22.0,22.0,0.0,104.58510613011339,4.7538684604596995,420710.0,0.0,420710.0,420710.0,0,0,0,0,0,0,0,0,0,0,0,0,0,0,8,8,2.3769342302298497,2.3769342302298497,22.0,22.0,22.0,0.0,0.0,0,0,0,0,0,0,0,0,1.0,33.0,22.0,22.0,0,0,0,0,0,0,1,22,1,22,-1,-1,1,0,0,0,0,0,0,0,0,0,No Label
131.202.240.242-224.0.0.252-49556-5355-17,131.202.240.242,49556,224.0.0.252,5355,17,29/04/2015 12:44:39 PM,420164,1,1,22.0,22.0,22.0,22.0,22.0,0.0,22.0,22.0,22.0,0.0,104.72101369941261,4.760046077246028,420164.0,0.0,420164.0,420164.0,0,0,0,0,0,0,0,0,0,0,0,0,0,0,8,8,2.380023038623014,2.380023038623014,22.0,22.0,22.0,0.0,0.0,0,0,0,0,0,0,0,0,1.0,33.0,22.0,22.0,0,0,0,0,0,0,1,22,1,22,-1,-1,1,0,0,0,0,0,0,0,0,0,No Label
131.202.240.242-205.188.12.43-31783-443-6,131.202.240.242,31783,205.188.12.43,443,6,29/04/2015 12:51:51 PM,19212152,10,12,722.0,1296.0,186.0,0.0,72.2,78.89486675316715,282.0,0.0,108.0,99.26273676002948,105.03768656421207,1.1451085750310532,914864.3809523807,2265220.14567877,9704857.0,34.0,1.8108567E7,2012063.0000000005,3245235.0682044206,9759766.0,18718.0,1.9190945E7,1744631.3636363638,2972156.2408778337,9760556.0,596.0,0,1,0,0,200,240,0.5205038977413878,0.6246046772896654,0.0,282.0,93.04347826086958,88.4901012753145,7830.498023715417,0,0,0,1,1,0,0,0,1.0,97.27272727272727,72.2,108.0,0,0,0,0,0,0,10,722,12,1296,-1,16384,5,0,4582747.0,0.0,4582747.0,4582747.0,9704857.0,0.0,9704857.0,9704857.0,No Label
131.202.240.242-224.0.0.252-51299-5355-17,131.202.240.242,51299,224.0.0.252,5355,17,29/04/2015 12:47:02 PM,419864,1,1,22.0,22.0,22.0,22.0,22.0,0.0,22.0,22.0,22.0,0.0,104.79583865251605,4.763447211478002,419864.0,0.0,419864.0,419864.0,0,0,0,0,0,0,0,0,0,0,0,0,0,0,8,8,2.381723605739001,2.381723605739001,22.0,22.0,22.0,0.0,0.0,0,0,0,0,0,0,0,0,1.0,33.0,22.0,22.0,0,0,0,0,0,0,1,22,1,22,-1,-1,1,0,0,0,0,0,0,0,0,0,No Label
131.202.240.242-178.237.19.227-31776-443-6,131.202.240.242,31776,178.237.19.227,443,6,29/04/2015 12:51:52 PM,172421,0,2,0.0,6.0,0,0,0,0,6.0,0.0,3.0,4.242640687119285,34.79854542080141,11.599515140267137,172421.0,0.0,172421.0,172421.0,0,0,0,0,0,172421.0,172421.0,0.0,172421.0,172421.0,0,1,0,0,0,40,0.0,11.599515140267137,0.0,6.0,4.0,3.4641016151377544,12.0,0,0,0,1,1,0,0,0,0.0,6.0,0.0,3.0,0,0,0,0,0,0,0,0,2,6,-1,16384,0,0,0,0,0,0,0,0,0,0,No Label
131.202.240.242-224.0.0.252-51326-5355-17,131.202.240.242,51326,224.0.0.252,5355,17,29/04/2015 12:52:48 PM,420887,1,1,22.0,22.0,22.0,22.0,22.0,0.0,22.0,22.0,22.0,0.0,104.54112386460024,4.751869266572738,420887.0,0.0,420887.0,420887.0,0,0,0,0,0,0,0,0,0,0,0,0,0,0,8,8,2.375934633286369,2.375934633286369,22.0,22.0,22.0,0.0,0.0,0,0,0,0,0,0,0,0,1.0,33.0,22.0,22.0,0,0,0,0,0,0,1,22,1,22,-1,-1,1,0,0,0,0,0,0,0,0,0,No Label
131.202.240.242-178.237.18.202-31773-443-6,131.202.240.242,31773,178.237.18.202,443,6,29/04/2015 12:51:52 PM,12043366,1,3,0.0,221.0,0.0,0.0,0.0,0.0,215.0,0.0,73.66666666666667,122.43501677760874,18.35035155454048,0.33213305981068747,4014455.333333333,6754076.091507434,1.1813112E7,58035.0,0,0,0,0,0,1.1985331E7,5992665.5,8231354.3793670125,1.1813112E7,172219.0,0,1,0,0,20,60,0.08303326495267187,0.2490997948580156,0.0,215.0,45.4,94.85673407829303,8997.8,0,0,0,1,1,0,0,0,3.0,56.75,0.0,73.66666666666667,0,0,0,0,0,0,1,0,3,221,-1,16384,0,0,172219.0,0.0,172219.0,172219.0,1.1813112E7,0.0,1.1813112E7,1.1813112E7,No Label
131.202.240.242-209.148.205.8-32458-80-6,131.202.240.242,32458,209.148.205.8,80,6,29/04/2015 12:53:27 PM,396972,3,4,1246.0,324.0,1246.0,0.0,415.33333333333337,719.3784354102737,324.0,0.0,81.0,162.0,3954.9388873774474,17.633485485122378,66162.0,66613.81341133383,163428.0,52.0,372944.0,186472.0,74622.39283217874,239238.0,133706.0,344627.0,114875.66666666667,78782.53332010424,163428.0,23976.0,0,0,0,0,60,104,7.557208065052447,10.07627742006993,0.0,1246.0,196.25,439.05409689467655,192768.5,0,1,0,0,0,0,0,0,1.0,224.28571428571428,415.3333333333333,81.0,0,0,0,0,0,0,3,1246,4,324,-1,548,1,0,0,0,0,0,0,0,0,0,No Label
131.202.240.242-224.0.0.252-50148-5355-17,131.202.240.242,50148,224.0.0.252,5355,17,29/04/2015 12:50:07 PM,420987,1,1,22.0,22.0,22.0,22.0,22.0,0.0,22.0,22.0,22.0,0.0,104.51629147693397,4.750740521678817,420987.0,0.0,420987.0,420987.0,0,0,0,0,0,0,0,0,0,0,0,0,0,0,8,8,2.3753702608394085,2.3753702608394085,22.0,22.0,22.0,0.0,0.0,0,0,0,0,0,0,0,0,1.0,33.0,22.0,22.0,0,0,0,0,0,0,1,22,1,22,-1,-1,1,0,0,0,0,0,0,0,0,0,No Label
131.202.240.242-131.202.243.255-137-137-17,131.202.240.242,137,131.202.243.255,137,17,29/04/2015 12:52:28 PM,29978129,16,1,800.0,50.0,50.0,50.0,50.0,0.0,50.0,50.0,50.0,0.0,28.354004347636238,0.5670800869527248,1873633.0625,2763660.4531008378,1.0353117E7,257437.0,2.9204426E7,1946961.7333333332,2844503.2700759512,1.0353117E7,257437.0,0,0,0,0,0,0,0,0,0,128,8,0.5337224347790351,0.033357652173689696,50.0,50.0,50.0,0.0,0.0,0,0,0,0,0,0,0,0,0.0,52.94117647058823,50.0,50.0,0,0,0,0,0,0,16,800,1,50,-1,-1,16,0,1523655.0,19766.46296128875,1537632.0,1509678.0,8200578.0,3044149.8473370196,1.0353117E7,6048039.0,No Label
131.202.240.242-224.0.0.252-60419-5355-17,131.202.240.242,60419,224.0.0.252,5355,17,29/04/2015 12:49:36 PM,420849,1,1,22.0,22.0,22.0,22.0,22.0,0.0,22.0,22.0,22.0,0.0,104.5505632661596,4.752298330279982,420849.0,0.0,420849.0,420849.0,0,0,0,0,0,0,0,0,0,0,0,0,0,0,8,8,2.376149165139991,2.376149165139991,22.0,22.0,22.0,0.0,0.0,0,0,0,0,0,0,0,0,1.0,33.0,22.0,22.0,0,0,0,0,0,0,1,22,1,22,-1,-1,1,0,0,0,0,0,0,0,0,0,No Label
131.202.240.242-224.0.0.252-63207-5355-17,131.202.240.242,63207,224.0.0.252,5355,17,29/04/2015 12:50:15 PM,420532,1,1,22.0,22.0,22.0,22.0,22.0,0.0,22.0,22.0,22.0,0.0,104.62937422122454,4.755880646419297,420532.0,0.0,420532.0,420532.0,0,0,0,0,0,0,0,0,0,0,0,0,0,0,8,8,2.3779403232096485,2.3779403232096485,22.0,22.0,22.0,0.0,0.0,0,0,0,0,0,0,0,0,1.0,33.0,22.0,22.0,0,0,0,0,0,0,1,22,1,22,-1,-1,1,0,0,0,0,0,0,0,0,0,No Label
131.202.240.242-131.202.240.45-51434-161-17,131.202.240.242,51434,131.202.240.45,161,17,29/04/2015 12:52:31 PM,30261,3,5,237.0,455.0,79.0,79.0,79.0,0.0,94.0,79.0,91.0,6.708203932499369,22867.717524206073,264.36667658041705,4323.0,3987.0536740806488,7911.0,49.0,101.0,50.5,2.1213203435596424,52.0,49.0,30261.0,7565.25,396.3890134703534,8112.0,7179.0,0,0,0,0,24,40,99.13750371765639,165.22917286276066,79.0,94.0,85.66666666666667,7.905694150420947,62.499999999999986,0,0,0,0,0,0,0,0,1.0,96.375,79.0,91.0,0,0,0,0,0,0,3,237,5,455,-1,-1,3,0,0,0,0,0,0,0,0,0,No Label
131.202.240.242-224.0.0.252-53177-5355-17,131.202.240.242,53177,224.0.0.252,5355,17,29/04/2015 12:50:15 PM,421643,1,1,22.0,22.0,22.0,22.0,22.0,0.0,22.0,22.0,22.0,0.0,104.3536830920945,4.743349231458841,421643.0,0.0,421643.0,421643.0,0,0,0,0,0,0,0,0,0,0,0,0,0,0,8,8,2.3716746157294204,2.3716746157294204,22.0,22.0,22.0,0.0,0.0,0,0,0,0,0,0,0,0,1.0,33.0,22.0,22.0,0,0,0,0,0,0,1,22,1,22,-1,-1,1,0,0,0,0,0,0,0,0,0,No Label
131.202.240.242-205.188.12.43-31783-443-6,131.202.240.242,31783,205.188.12.43,443,6,29/04/2015 12:52:35 PM,29700750,9,9,950.0,1202.0,202.0,0.0,105.55555555555556,85.28644545165297,394.0,0.0,133.55555555555554,151.45883195699673,72.45608275885289,0.606045301886316,1747102.9411764704,3601285.095525354,1.1289317E7,91.0,2.9655335E7,3706916.8750000005,4655119.6061503375,1.1343967E7,19628.0,2.970075E7,3712593.75,4670539.406135281,1.1344655E7,401.0,0,1,0,0,180,180,0.303022650943158,0.303022650943158,0.0,394.0,133.99999999999997,132.62143282457947,17588.44444444445,0,0,0,1,1,0,0,0,1.0,141.44444444444446,105.55555555555556,133.55555555555554,0,0,0,0,0,0,9,950,9,1202,-1,16384,6,0,781565.0,1289909.1552396237,2270880.0,18984.0,9081955.666666666,1937156.9499248979,1.1289317E7,7664836.0,No Label
131.202.240.242-224.0.0.252-57660-5355-17,131.202.240.242,57660,224.0.0.252,5355,17,29/04/2015 12:43:42 PM,420670,1,1,22.0,22.0,22.0,22.0,22.0,0.0,22.0,22.0,22.0,0.0,104.59505075237122,4.754320488744146,420670.0,0.0,420670.0,420670.0,0,0,0,0,0,0,0,0,0,0,0,0,0,0,8,8,2.377160244372073,2.377160244372073,22.0,22.0,22.0,0.0,0.0,0,0,0,0,0,0,0,0,1.0,33.0,22.0,22.0,0,0,0,0,0,0,1,22,1,22,-1,-1,1,0,0,0,0,0,0,0,0,0,No Label
131.202.240.242-224.0.0.252-63389-5355-17,131.202.240.242,63389,224.0.0.252,5355,17,29/04/2015 12:53:34 PM,419207,1,1,22.0,22.0,22.0,22.0,22.0,0.0,22.0,22.0,22.0,0.0,104.96007938798732,4.7709126994539695,419207.0,0.0,419207.0,419207.0,0,0,0,0,0,0,0,0,0,0,0,0,0,0,8,8,2.3854563497269847,2.3854563497269847,22.0,22.0,22.0,0.0,0.0,0,0,0,0,0,0,0,0,1.0,33.0,22.0,22.0,0,0,0,0,0,0,1,22,1,22,-1,-1,1,0,0,0,0,0,0,0,0,0,No Label
8.0.6.4-8.6.0.1-0-0-0,8.6.0.1,0,8.0.6.4,0,0,29/04/2015 12:52:36 PM,29525507,1,1,0.0,0.0,0.0,0.0,0.0,0.0,0.0,0.0,0.0,0.0,0.0,0.06773804087428541,2.9525507E7,0.0,2.9525507E7,2.9525507E7,0,0,0,0,0,0,0,0,0,0,0,0,0,0,0,0,0.033869020437142704,0.033869020437142704,0.0,0.0,0.0,0.0,0.0,0,0,0,0,0,0,0,0,1.0,0.0,0.0,0.0,0,0,0,0,0,0,1,0,1,0,-1,-1,0,0,0,0,0,0,2.9525507E7,0.0,2.9525507E7,2.9525507E7,No Label
131.202.240.242-224.0.0.252-60770-5355-17,131.202.240.242,60770,224.0.0.252,5355,17,29/04/2015 12:44:12 PM,419685,1,1,22.0,22.0,22.0,22.0,22.0,0.0,22.0,22.0,22.0,0.0,104.84053516327722,4.765478871058056,419685.0,0.0,419685.0,419685.0,0,0,0,0,0,0,0,0,0,0,0,0,0,0,8,8,2.382739435529028,2.382739435529028,22.0,22.0,22.0,0.0,0.0,0,0,0,0,0,0,0,0,1.0,33.0,22.0,22.0,0,0,0,0,0,0,1,22,1,22,-1,-1,1,0,0,0,0,0,0,0,0,0,No Label
131.202.240.242-178.237.19.227-31776-443-6,131.202.240.242,31776,178.237.19.227,443,6,29/04/2015 12:52:52 PM,172162,0,2,0.0,6.0,0,0,0,0,6.0,0.0,3.0,4.242640687119285,34.85089624888187,11.616965416293954,172162.0,0.0,172162.0,172162.0,0,0,0,0,0,172162.0,172162.0,0.0,172162.0,172162.0,0,1,0,0,0,40,0.0,11.616965416293954,0.0,6.0,4.0,3.4641016151377544,12.0,0,0,0,1,1,0,0,0,0.0,6.0,0.0,3.0,0,0,0,0,0,0,0,0,2,6,-1,16384,0,0,0,0,0,0,0,0,0,0,No Label
131.202.240.242-224.0.0.252-55120-5355-17,131.202.240.242,55120,224.0.0.252,5355,17,29/04/2015 12:51:35 PM,419911,1,1,22.0,22.0,22.0,22.0,22.0,0.0,22.0,22.0,22.0,0.0,104.7841090135767,4.762914046071668,419911.0,0.0,419911.0,419911.0,0,0,0,0,0,0,0,0,0,0,0,0,0,0,8,8,2.381457023035834,2.381457023035834,22.0,22.0,22.0,0.0,0.0,0,0,0,0,0,0,0,0,1.0,33.0,22.0,22.0,0,0,0,0,0,0,1,22,1,22,-1,-1,1,0,0,0,0,0,0,0,0,0,No Label
131.202.240.242-178.237.18.202-31773-443-6,131.202.240.242,31773,178.237.18.202,443,6,29/04/2015 12:52:52 PM,172393,0,2,0.0,6.0,0,0,0,0,6.0,0.0,3.0,4.242640687119285,34.80419738620478,11.601399128734926,172393.0,0.0,172393.0,172393.0,0,0,0,0,0,172393.0,172393.0,0.0,172393.0,172393.0,0,1,0,0,0,40,0.0,11.601399128734926,0.0,6.0,4.0,3.4641016151377544,12.0,0,0,0,1,1,0,0,0,0.0,6.0,0.0,3.0,0,0,0,0,0,0,0,0,2,6,-1,16384,0,0,0,0,0,0,0,0,0,0,No Label
131.202.240.242-224.0.0.252-55246-5355-17,131.202.240.242,55246,224.0.0.252,5355,17,29/04/2015 12:44:47 PM,420660,1,1,22.0,22.0,22.0,22.0,22.0,0.0,22.0,22.0,22.0,0.0,104.59753720344222,4.754433509247374,420660.0,0.0,420660.0,420660.0,0,0,0,0,0,0,0,0,0,0,0,0,0,0,8,8,2.377216754623687,2.377216754623687,22.0,22.0,22.0,0.0,0.0,0,0,0,0,0,0,0,0,1.0,33.0,22.0,22.0,0,0,0,0,0,0,1,22,1,22,-1,-1,1,0,0,0,0,0,0,0,0,0,No Label
131.202.240.242-224.0.0.252-56851-5355-17,131.202.240.242,56851,224.0.0.252,5355,17,29/04/2015 12:48:38 PM,421026,1,1,22.0,22.0,22.0,22.0,22.0,0.0,22.0,22.0,22.0,0.0,104.50661004308522,4.750300456503874,421026.0,0.0,421026.0,421026.0,0,0,0,0,0,0,0,0,0,0,0,0,0,0,8,8,2.375150228251937,2.375150228251937,22.0,22.0,22.0,0.0,0.0,0,0,0,0,0,0,0,0,1.0,33.0,22.0,22.0,0,0,0,0,0,0,1,22,1,22,-1,-1,1,0,0,0,0,0,0,0,0,0,No Label
131.202.240.242-209.148.205.8-32454-80-6,131.202.240.242,32454,209.148.205.8,80,6,29/04/2015 12:52:26 PM,292233,3,4,1238.0,324.0,1238.0,0.0,412.66666666666663,714.7596332567567,324.0,0.0,81.0,162.0,5345.050011463455,23.953489167890005,48705.5,39121.88771902501,101745.0,61.0,267544.0,133772.0,72827.75582152727,185269.0,82275.0,232167.0,77389.0,45737.19428430214,105794.0,24628.0,0,0,0,0,60,104,10.265781071952858,13.687708095937145,0.0,1238.0,195.25,436.32221056069494,190377.07142857142,0,1,0,0,0,0,0,0,1.0,223.14285714285714,412.6666666666667,81.0,0,0,0,0,0,0,3,1238,4,324,-1,548,1,0,0,0,0,0,0,0,0,0,No Label
131.202.240.242-224.0.0.252-49823-5355-17,131.202.240.242,49823,224.0.0.252,5355,17,29/04/2015 12:52:40 PM,408464,1,1,22.0,22.0,22.0,22.0,22.0,0.0,22.0,22.0,22.0,0.0,107.72063143875593,4.89639233812527,408464.0,0.0,408464.0,408464.0,0,0,0,0,0,0,0,0,0,0,0,0,0,0,8,8,2.448196169062635,2.448196169062635,22.0,22.0,22.0,0.0,0.0,0,0,0,0,0,0,0,0,1.0,33.0,22.0,22.0,0,0,0,0,0,0,1,22,1,22,-1,-1,1,0,0,0,0,0,0,0,0,0,No Label
131.202.240.242-209.148.205.8-32454-80-6,131.202.240.242,32454,209.148.205.8,80,6,29/04/2015 12:53:27 PM,21823,0,2,0.0,0.0,0,0,0,0,0.0,0.0,0.0,0.0,0.0,91.64642808046557,21823.0,0.0,21823.0,21823.0,0,0,0,0,0,21823.0,21823.0,0.0,21823.0,21823.0,0,0,0,0,0,40,0.0,91.64642808046557,0.0,0.0,0.0,0.0,0.0,1,0,0,0,1,0,0,0,0.0,0.0,0.0,0.0,0,0,0,0,0,0,0,0,2,0,-1,548,0,0,0,0,0,0,0,0,0,0,No Label
131.202.240.242-224.0.0.252-64523-5355-17,131.202.240.242,64523,224.0.0.252,5355,17,29/04/2015 12:46:52 PM,421749,1,1,22.0,22.0,22.0,22.0,22.0,0.0,22.0,22.0,22.0,0.0,104.3274554296513,4.742157064984149,421749.0,0.0,421749.0,421749.0,0,0,0,0,0,0,0,0,0,0,0,0,0,0,8,8,2.3710785324920747,2.3710785324920747,22.0,22.0,22.0,0.0,0.0,0,0,0,0,0,0,0,0,1.0,33.0,22.0,22.0,0,0,0,0,0,0,1,22,1,22,-1,-1,1,0,0,0,0,0,0,0,0,0,No Label
131.202.240.242-131.202.240.45-51434-161-17,131.202.240.242,51434,131.202.240.45,161,17,29/04/2015 12:53:01 PM,30178,3,5,237.0,455.0,79.0,79.0,79.0,0.0,94.0,79.0,91.0,6.708203932499369,22930.611703890252,265.09377692358674,4311.142857142857,3978.1725883698336,7820.0,49.0,103.0,51.5,3.5355339059327378,54.0,49.0,30178.0,7544.5,367.60350016469283,8012.0,7113.0,0,0,0,0,24,40,99.41016634634502,165.6836105772417,79.0,94.0,85.66666666666667,7.905694150420947,62.499999999999986,0,0,0,0,0,0,0,0,1.0,96.375,79.0,91.0,0,0,0,0,0,0,3,237,5,455,-1,-1,3,0,0,0,0,0,0,0,0,0,No Label
131.202.240.242-224.0.0.252-62897-5355-17,131.202.240.242,62897,224.0.0.252,5355,17,29/04/2015 12:52:52 PM,420799,1,1,22.0,22.0,22.0,22.0,22.0,0.0,22.0,22.0,22.0,0.0,104.56298612876932,4.752863005853151,420799.0,0.0,420799.0,420799.0,0,0,0,0,0,0,0,0,0,0,0,0,0,0,8,8,2.3764315029265757,2.3764315029265757,22.0,22.0,22.0,0.0,0.0,0,0,0,0,0,0,0,0,1.0,33.0,22.0,22.0,0,0,0,0,0,0,1,22,1,22,-1,-1,1,0,0,0,0,0,0,0,0,0,No Label
131.202.240.242-224.0.0.252-51044-5355-17,131.202.240.242,51044,224.0.0.252,5355,17,29/04/2015 12:48:11 PM,422562,1,1,22.0,22.0,22.0,22.0,22.0,0.0,22.0,22.0,22.0,0.0,104.12673169854365,4.733033259024711,422562.0,0.0,422562.0,422562.0,0,0,0,0,0,0,0,0,0,0,0,0,0,0,8,8,2.3665166295123554,2.3665166295123554,22.0,22.0,22.0,0.0,0.0,0,0,0,0,0,0,0,0,1.0,33.0,22.0,22.0,0,0,0,0,0,0,1,22,1,22,-1,-1,1,0,0,0,0,0,0,0,0,0,No Label
131.202.240.242-131.202.243.255-137-137-17,131.202.240.242,137,131.202.243.255,137,17,29/04/2015 12:52:59 PM,29181299,30,1,1500.0,50.0,50.0,50.0,50.0,0.0,50.0,50.0,50.0,0.0,53.11620980272331,1.0623241960544663,972709.9666666667,1372815.9112905296,7115879.0,664.0,2.9102653E7,1003539.7586206899,1386505.9898884487,7115879.0,664.0,0,0,0,0,0,0,0,0,0,240,8,1.0280556736010964,0.03426852245336988,50.0,50.0,50.0,0.0,0.0,0,0,0,0,0,0,0,0,0.0,51.61290322580645,50.0,50.0,0,0,0,0,0,0,30,1500,1,50,-1,-1,30,0,2.0555149E7,0.0,2.0555149E7,2.0555149E7,7115879.0,0.0,7115879.0,7115879.0,No Label
131.202.240.242-224.0.0.252-49399-5355-17,131.202.240.242,49399,224.0.0.252,5355,17,29/04/2015 12:50:57 PM,421283,1,1,22.0,22.0,22.0,22.0,22.0,0.0,22.0,22.0,22.0,0.0,104.4428567020269,4.747402577364859,421283.0,0.0,421283.0,421283.0,0,0,0,0,0,0,0,0,0,0,0,0,0,0,8,8,2.3737012886824296,2.3737012886824296,22.0,22.0,22.0,0.0,0.0,0,0,0,0,0,0,0,0,1.0,33.0,22.0,22.0,0,0,0,0,0,0,1,22,1,22,-1,-1,1,0,0,0,0,0,0,0,0,0,No Label
131.202.240.242-205.188.12.43-31783-443-6,131.202.240.242,31783,205.188.12.43,443,6,29/04/2015 12:53:06 PM,24966378,16,18,1608.0,1456.0,186.0,0.0,100.5,65.40744096303824,282.0,0.0,80.88888888888889,107.1606209986227,122.72505046587055,1.3618314999476497,756556.9090909092,1444049.8769765182,5177145.0,33.0,2.2343077E7,1489538.4666666666,1852152.5100326943,5231943.0,13397.0,2.4966378E7,1468610.4705882352,1792876.0222857753,5234375.0,564.0,0,1,0,0,320,360,0.6408618823283058,0.720969617619344,0.0,282.0,91.02857142857141,88.05662807477448,7753.96974789916,0,0,0,1,1,0,0,0,1.0,93.70588235294117,100.5,80.88888888888889,0,0,0,0,0,0,16,1608,18,1456,-1,16384,12,0,4606769.0,0.0,4606769.0,4606769.0,5177145.0,0.0,5177145.0,5177145.0,No Label
131.202.240.242-224.0.0.252-57324-5355-17,131.202.240.242,57324,224.0.0.252,5355,17,29/04/2015 12:49:19 PM,423432,1,1,22.0,22.0,22.0,22.0,22.0,0.0,22.0,22.0,22.0,0.0,103.91278883031987,4.723308583196357,423432.0,0.0,423432.0,423432.0,0,0,0,0,0,0,0,0,0,0,0,0,0,0,8,8,2.3616542915981786,2.3616542915981786,22.0,22.0,22.0,0.0,0.0,0,0,0,0,0,0,0,0,1.0,33.0,22.0,22.0,0,0,0,0,0,0,1,22,1,22,-1,-1,1,0,0,0,0,0,0,0,0,0,No Label
131.202.240.242-224.0.0.252-60340-5355-17,131.202.240.242,60340,224.0.0.252,5355,17,29/04/2015 12:50:15 PM,420219,1,1,22.0,22.0,22.0,22.0,22.0,0.0,22.0,22.0,22.0,0.0,104.70730738019937,4.759423062736335,420219.0,0.0,420219.0,420219.0,0,0,0,0,0,0,0,0,0,0,0,0,0,0,8,8,2.3797115313681676,2.3797115313681676,22.0,22.0,22.0,0.0,0.0,0,0,0,0,0,0,0,0,1.0,33.0,22.0,22.0,0,0,0,0,0,0,1,22,1,22,-1,-1,1,0,0,0,0,0,0,0,0,0,No Label
131.202.240.242-178.237.18.202-31773-443-6,131.202.240.242,31773,178.237.18.202,443,6,29/04/2015 12:53:22 PM,172332,0,2,0.0,6.0,0,0,0,0,6.0,0.0,3.0,4.242640687119285,34.816516955643756,11.605505651881252,172332.0,0.0,172332.0,172332.0,0,0,0,0,0,172332.0,172332.0,0.0,172332.0,172332.0,0,1,0,0,0,40,0.0,11.605505651881252,0.0,6.0,4.0,3.4641016151377544,12.0,0,0,0,1,1,0,0,0,0.0,6.0,0.0,3.0,0,0,0,0,0,0,0,0,2,6,-1,16384,0,0,0,0,0,0,0,0,0,0,No Label
131.202.240.242-131.202.6.3-57304-53-17,131.202.240.242,57304,131.202.6.3,53,17,29/04/2015 12:53:27 PM,55126,0,2,0.0,469.0,0,0,0,0,426.0,43.0,234.5,270.82189719444773,8507.782171751986,36.28052098828139,55126.0,0.0,55126.0,55126.0,0,0,0,0,0,55126.0,55126.0,0.0,55126.0,55126.0,0,0,0,0,0,16,0.0,36.28052098828139,43.0,426.0,170.66666666666669,221.1251530996267,48896.333333333336,0,0,0,0,0,0,0,0,0.0,256.0,0.0,234.5,0,0,0,0,0,0,0,0,2,469,-1,-1,0,0,0,0,0,0,0,0,0,0,No Label
131.202.240.242-224.0.0.252-59515-5355-17,131.202.240.242,59515,224.0.0.252,5355,17,29/04/2015 12:45:03 PM,426727,1,1,22.0,22.0,22.0,22.0,22.0,0.0,22.0,22.0,22.0,0.0,103.1104195422366,4.686837251919846,426727.0,0.0,426727.0,426727.0,0,0,0,0,0,0,0,0,0,0,0,0,0,0,8,8,2.343418625959923,2.343418625959923,22.0,22.0,22.0,0.0,0.0,0,0,0,0,0,0,0,0,1.0,33.0,22.0,22.0,0,0,0,0,0,0,1,22,1,22,-1,-1,1,0,0,0,0,0,0,0,0,0,No Label
131.202.240.242-131.202.244.3-56692-53-17,131.202.240.242,56692,131.202.244.3,53,17,29/04/2015 12:44:34 PM,250,0,2,0.0,156.0,0,0,0,0,114.0,42.0,78.0,50.91168824543142,624000.0,8000.0,250.0,0.0,250.0,250.0,0,0,0,0,0,250.0,250.0,0.0,250.0,250.0,0,0,0,0,0,16,0.0,8000.0,42.0,114.0,66.0,41.569219381653056,1728.0,0,0,0,0,0,0,0,0,0.0,99.0,0.0,78.0,0,0,0,0,0,0,0,0,2,156,-1,-1,0,0,0,0,0,0,0,0,0,0,No Label
131.202.240.242-224.0.0.252-49671-5355-17,131.202.240.242,49671,224.0.0.252,5355,17,29/04/2015 12:53:11 PM,411548,1,1,22.0,22.0,22.0,22.0,22.0,0.0,22.0,22.0,22.0,0.0,106.91340985741638,4.859700448064381,411548.0,0.0,411548.0,411548.0,0,0,0,0,0,0,0,0,0,0,0,0,0,0,8,8,2.4298502240321906,2.4298502240321906,22.0,22.0,22.0,0.0,0.0,0,0,0,0,0,0,0,0,1.0,33.0,22.0,22.0,0,0,0,0,0,0,1,22,1,22,-1,-1,1,0,0,0,0,0,0,0,0,0,No Label
131.202.240.242-224.0.0.252-54371-5355-17,131.202.240.242,54371,224.0.0.252,5355,17,29/04/2015 12:53:27 PM,416097,1,1,22.0,22.0,22.0,22.0,22.0,0.0,22.0,22.0,22.0,0.0,105.74457398154757,4.806571544615799,416097.0,0.0,416097.0,416097.0,0,0,0,0,0,0,0,0,0,0,0,0,0,0,8,8,2.4032857723078993,2.4032857723078993,22.0,22.0,22.0,0.0,0.0,0,0,0,0,0,0,0,0,1.0,33.0,22.0,22.0,0,0,0,0,0,0,1,22,1,22,-1,-1,1,0,0,0,0,0,0,0,0,0,No Label
131.202.240.242-224.0.0.252-63350-5355-17,131.202.240.242,63350,224.0.0.252,5355,17,29/04/2015 12:44:14 PM,414813,1,1,22.0,22.0,22.0,22.0,22.0,0.0,22.0,22.0,22.0,0.0,106.07189263595886,4.821449665270857,414813.0,0.0,414813.0,414813.0,0,0,0,0,0,0,0,0,0,0,0,0,0,0,8,8,2.4107248326354287,2.4107248326354287,22.0,22.0,22.0,0.0,0.0,0,0,0,0,0,0,0,0,1.0,33.0,22.0,22.0,0,0,0,0,0,0,1,22,1,22,-1,-1,1,0,0,0,0,0,0,0,0,0,No Label
131.202.240.242-224.0.0.252-56200-5355-17,131.202.240.242,56200,224.0.0.252,5355,17,29/04/2015 12:49:36 PM,411451,1,1,22.0,22.0,22.0,22.0,22.0,0.0,22.0,22.0,22.0,0.0,106.93861480467905,4.860846127485411,411451.0,0.0,411451.0,411451.0,0,0,0,0,0,0,0,0,0,0,0,0,0,0,8,8,2.4304230637427056,2.4304230637427056,22.0,22.0,22.0,0.0,0.0,0,0,0,0,0,0,0,0,1.0,33.0,22.0,22.0,0,0,0,0,0,0,1,22,1,22,-1,-1,1,0,0,0,0,0,0,0,0,0,No Label
131.202.240.242-224.0.0.252-52404-5355-17,131.202.240.242,52404,224.0.0.252,5355,17,29/04/2015 12:53:08 PM,419552,1,1,22.0,22.0,22.0,22.0,22.0,0.0,22.0,22.0,22.0,0.0,104.87377011669591,4.766989550758905,419552.0,0.0,419552.0,419552.0,0,0,0,0,0,0,0,0,0,0,0,0,0,0,8,8,2.3834947753794524,2.3834947753794524,22.0,22.0,22.0,0.0,0.0,0,0,0,0,0,0,0,0,1.0,33.0,22.0,22.0,0,0,0,0,0,0,1,22,1,22,-1,-1,1,0,0,0,0,0,0,0,0,0,No Label
131.202.240.242-224.0.0.252-54760-5355-17,131.202.240.242,54760,224.0.0.252,5355,17,29/04/2015 12:45:00 PM,420060,1,1,22.0,22.0,22.0,22.0,22.0,0.0,22.0,22.0,22.0,0.0,104.74694091320288,4.761224586963767,420060.0,0.0,420060.0,420060.0,0,0,0,0,0,0,0,0,0,0,0,0,0,0,8,8,2.3806122934818834,2.3806122934818834,22.0,22.0,22.0,0.0,0.0,0,0,0,0,0,0,0,0,1.0,33.0,22.0,22.0,0,0,0,0,0,0,1,22,1,22,-1,-1,1,0,0,0,0,0,0,0,0,0,No Label
131.202.240.242-224.0.0.252-55616-5355-17,131.202.240.242,55616,224.0.0.252,5355,17,29/04/2015 12:47:05 PM,421003,1,1,22.0,22.0,22.0,22.0,22.0,0.0,22.0,22.0,22.0,0.0,104.51231938964806,4.750559972256729,421003.0,0.0,421003.0,421003.0,0,0,0,0,0,0,0,0,0,0,0,0,0,0,8,8,2.3752799861283647,2.3752799861283647,22.0,22.0,22.0,0.0,0.0,0,0,0,0,0,0,0,0,1.0,33.0,22.0,22.0,0,0,0,0,0,0,1,22,1,22,-1,-1,1,0,0,0,0,0,0,0,0,0,No Label
131.202.240.242-224.0.0.252-60960-5355-17,131.202.240.242,60960,224.0.0.252,5355,17,29/04/2015 12:49:05 PM,420610,1,1,22.0,22.0,22.0,22.0,22.0,0.0,22.0,22.0,22.0,0.0,104.60997123225792,4.75499869237536,420610.0,0.0,420610.0,420610.0,0,0,0,0,0,0,0,0,0,0,0,0,0,0,8,8,2.37749934618768,2.37749934618768,22.0,22.0,22.0,0.0,0.0,0,0,0,0,0,0,0,0,1.0,33.0,22.0,22.0,0,0,0,0,0,0,1,22,1,22,-1,-1,1,0,0,0,0,0,0,0,0,0,No Label
131.202.240.242-224.0.0.252-54925-5355-17,131.202.240.242,54925,224.0.0.252,5355,17,29/04/2015 12:51:47 PM,411151,1,1,22.0,22.0,22.0,22.0,22.0,0.0,22.0,22.0,22.0,0.0,107.01664352026384,4.86439288728472,411151.0,0.0,411151.0,411151.0,0,0,0,0,0,0,0,0,0,0,0,0,0,0,8,8,2.43219644364236,2.43219644364236,22.0,22.0,22.0,0.0,0.0,0,0,0,0,0,0,0,0,1.0,33.0,22.0,22.0,0,0,0,0,0,0,1,22,1,22,-1,-1,1,0,0,0,0,0,0,0,0,0,No Label
131.202.240.242-224.0.0.252-60303-5355-17,131.202.240.242,60303,224.0.0.252,5355,17,29/04/2015 12:51:48 PM,416955,1,1,22.0,22.0,22.0,22.0,22.0,0.0,22.0,22.0,22.0,0.0,105.52697533306952,4.796680696957705,416955.0,0.0,416955.0,416955.0,0,0,0,0,0,0,0,0,0,0,0,0,0,0,8,8,2.3983403484788526,2.3983403484788526,22.0,22.0,22.0,0.0,0.0,0,0,0,0,0,0,0,0,1.0,33.0,22.0,22.0,0,0,0,0,0,0,1,22,1,22,-1,-1,1,0,0,0,0,0,0,0,0,0,No Label
131.202.240.242-224.0.0.252-61799-5355-17,131.202.240.242,61799,224.0.0.252,5355,17,29/04/2015 12:43:07 PM,420676,1,1,22.0,22.0,22.0,22.0,22.0,0.0,22.0,22.0,22.0,0.0,104.59355893847047,4.754252679021385,420676.0,0.0,420676.0,420676.0,0,0,0,0,0,0,0,0,0,0,0,0,0,0,8,8,2.3771263395106925,2.3771263395106925,22.0,22.0,22.0,0.0,0.0,0,0,0,0,0,0,0,0,1.0,33.0,22.0,22.0,0,0,0,0,0,0,1,22,1,22,-1,-1,1,0,0,0,0,0,0,0,0,0,No Label
131.202.240.242-224.0.0.252-64343-5355-17,131.202.240.242,64343,224.0.0.252,5355,17,29/04/2015 12:50:30 PM,421932,1,1,22.0,22.0,22.0,22.0,22.0,0.0,22.0,22.0,22.0,0.0,104.2822066114919,4.740100300522359,421932.0,0.0,421932.0,421932.0,0,0,0,0,0,0,0,0,0,0,0,0,0,0,8,8,2.3700501502611795,2.3700501502611795,22.0,22.0,22.0,0.0,0.0,0,0,0,0,0,0,0,0,1.0,33.0,22.0,22.0,0,0,0,0,0,0,1,22,1,22,-1,-1,1,0,0,0,0,0,0,0,0,0,No Label
131.202.240.242-224.0.0.252-50087-5355-17,131.202.240.242,50087,224.0.0.252,5355,17,29/04/2015 12:53:38 PM,412127,1,1,22.0,22.0,22.0,22.0,22.0,0.0,22.0,22.0,22.0,0.0,106.76320648732064,4.852873022150939,412127.0,0.0,412127.0,412127.0,0,0,0,0,0,0,0,0,0,0,0,0,0,0,8,8,2.4264365110754693,2.4264365110754693,22.0,22.0,22.0,0.0,0.0,0,0,0,0,0,0,0,0,1.0,33.0,22.0,22.0,0,0,0,0,0,0,1,22,1,22,-1,-1,1,0,0,0,0,0,0,0,0,0,No Label
131.202.240.242-224.0.0.252-51739-5355-17,131.202.240.242,51739,224.0.0.252,5355,17,29/04/2015 12:43:45 PM,411592,1,1,22.0,22.0,22.0,22.0,22.0,0.0,22.0,22.0,22.0,0.0,106.90198060214969,4.85918093646135,411592.0,0.0,411592.0,411592.0,0,0,0,0,0,0,0,0,0,0,0,0,0,0,8,8,2.429590468230675,2.429590468230675,22.0,22.0,22.0,0.0,0.0,0,0,0,0,0,0,0,0,1.0,33.0,22.0,22.0,0,0,0,0,0,0,1,22,1,22,-1,-1,1,0,0,0,0,0,0,0,0,0,No Label
131.202.240.242-224.0.0.252-58531-5355-17,131.202.240.242,58531,224.0.0.252,5355,17,29/04/2015 12:45:12 PM,420318,1,1,22.0,22.0,22.0,22.0,22.0,0.0,22.0,22.0,22.0,0.0,104.68264504494216,4.758302047497371,420318.0,0.0,420318.0,420318.0,0,0,0,0,0,0,0,0,0,0,0,0,0,0,8,8,2.3791510237486855,2.3791510237486855,22.0,22.0,22.0,0.0,0.0,0,0,0,0,0,0,0,0,1.0,33.0,22.0,22.0,0,0,0,0,0,0,1,22,1,22,-1,-1,1,0,0,0,0,0,0,0,0,0,No Label
131.202.240.242-224.0.0.252-57895-5355-17,131.202.240.242,57895,224.0.0.252,5355,17,29/04/2015 12:52:28 PM,417404,1,1,22.0,22.0,22.0,22.0,22.0,0.0,22.0,22.0,22.0,0.0,105.41346034058131,4.791520924571878,417404.0,0.0,417404.0,417404.0,0,0,0,0,0,0,0,0,0,0,0,0,0,0,8,8,2.395760462285939,2.395760462285939,22.0,22.0,22.0,0.0,0.0,0,0,0,0,0,0,0,0,1.0,33.0,22.0,22.0,0,0,0,0,0,0,1,22,1,22,-1,-1,1,0,0,0,0,0,0,0,0,0,No Label
131.202.240.242-64.12.27.66-32450-443-6,131.202.240.242,32450,64.12.27.66,443,6,29/04/2015 12:50:59 PM,55417,0,2,0.0,6.0,0,0,0,0,6.0,0.0,3.0,4.242640687119285,108.27002544345598,36.09000848115199,55417.0,0.0,55417.0,55417.0,0,0,0,0,0,55417.0,55417.0,0.0,55417.0,55417.0,0,1,0,0,0,40,0.0,36.09000848115199,0.0,6.0,4.0,3.4641016151377544,12.0,0,0,0,1,1,0,0,0,0.0,6.0,0.0,3.0,0,0,0,0,0,0,0,0,2,6,-1,16384,0,0,0,0,0,0,0,0,0,0,No Label
131.202.240.242-224.0.0.252-56444-5355-17,131.202.240.242,56444,224.0.0.252,5355,17,29/04/2015 12:49:38 PM,421088,1,1,22.0,22.0,22.0,22.0,22.0,0.0,22.0,22.0,22.0,0.0,104.49122273729006,4.749601033513184,421088.0,0.0,421088.0,421088.0,0,0,0,0,0,0,0,0,0,0,0,0,0,0,8,8,2.374800516756592,2.374800516756592,22.0,22.0,22.0,0.0,0.0,0,0,0,0,0,0,0,0,1.0,33.0,22.0,22.0,0,0,0,0,0,0,1,22,1,22,-1,-1,1,0,0,0,0,0,0,0,0,0,No Label
131.202.240.242-224.0.0.252-63170-5355-17,131.202.240.242,63170,224.0.0.252,5355,17,29/04/2015 12:50:08 PM,420487,1,1,22.0,22.0,22.0,22.0,22.0,0.0,22.0,22.0,22.0,0.0,104.64057152777613,4.756389614898914,420487.0,0.0,420487.0,420487.0,0,0,0,0,0,0,0,0,0,0,0,0,0,0,8,8,2.378194807449457,2.378194807449457,22.0,22.0,22.0,0.0,0.0,0,0,0,0,0,0,0,0,1.0,33.0,22.0,22.0,0,0,0,0,0,0,1,22,1,22,-1,-1,1,0,0,0,0,0,0,0,0,0,No Label
131.202.240.242-224.0.0.252-61040-5355-17,131.202.240.242,61040,224.0.0.252,5355,17,29/04/2015 12:53:27 PM,415773,1,1,22.0,22.0,22.0,22.0,22.0,0.0,22.0,22.0,22.0,0.0,105.82697770177477,4.81031716826249,415773.0,0.0,415773.0,415773.0,0,0,0,0,0,0,0,0,0,0,0,0,0,0,8,8,2.405158584131245,2.405158584131245,22.0,22.0,22.0,0.0,0.0,0,0,0,0,0,0,0,0,1.0,33.0,22.0,22.0,0,0,0,0,0,0,1,22,1,22,-1,-1,1,0,0,0,0,0,0,0,0,0,No Label
131.202.240.242-224.0.0.252-56688-5355-17,131.202.240.242,56688,224.0.0.252,5355,17,29/04/2015 12:44:31 PM,413284,1,1,22.0,22.0,22.0,22.0,22.0,0.0,22.0,22.0,22.0,0.0,106.46431993495999,4.839287269770908,413284.0,0.0,413284.0,413284.0,0,0,0,0,0,0,0,0,0,0,0,0,0,0,8,8,2.419643634885454,2.419643634885454,22.0,22.0,22.0,0.0,0.0,0,0,0,0,0,0,0,0,1.0,33.0,22.0,22.0,0,0,0,0,0,0,1,22,1,22,-1,-1,1,0,0,0,0,0,0,0,0,0,No Label
131.202.240.242-224.0.0.252-65506-5355-17,131.202.240.242,65506,224.0.0.252,5355,17,29/04/2015 12:48:15 PM,420893,1,1,22.0,22.0,22.0,22.0,22.0,0.0,22.0,22.0,22.0,0.0,104.53963358858427,4.75180152675383,420893.0,0.0,420893.0,420893.0,0,0,0,0,0,0,0,0,0,0,0,0,0,0,8,8,2.375900763376915,2.375900763376915,22.0,22.0,22.0,0.0,0.0,0,0,0,0,0,0,0,0,1.0,33.0,22.0,22.0,0,0,0,0,0,0,1,22,1,22,-1,-1,1,0,0,0,0,0,0,0,0,0,No Label
131.202.240.242-224.0.0.252-52455-5355-17,131.202.240.242,52455,224.0.0.252,5355,17,29/04/2015 12:43:24 PM,417811,1,1,22.0,22.0,22.0,22.0,22.0,0.0,22.0,22.0,22.0,0.0,105.31077448894357,4.786853385861071,417811.0,0.0,417811.0,417811.0,0,0,0,0,0,0,0,0,0,0,0,0,0,0,8,8,2.3934266929305354,2.3934266929305354,22.0,22.0,22.0,0.0,0.0,0,0,0,0,0,0,0,0,1.0,33.0,22.0,22.0,0,0,0,0,0,0,1,22,1,22,-1,-1,1,0,0,0,0,0,0,0,0,0,No Label
131.202.240.242-224.0.0.252-59850-5355-17,131.202.240.242,59850,224.0.0.252,5355,17,29/04/2015 12:52:48 PM,412721,1,1,22.0,22.0,22.0,22.0,22.0,0.0,22.0,22.0,22.0,0.0,106.60954979271712,4.8458886269416865,412721.0,0.0,412721.0,412721.0,0,0,0,0,0,0,0,0,0,0,0,0,0,0,8,8,2.4229443134708433,2.4229443134708433,22.0,22.0,22.0,0.0,0.0,0,0,0,0,0,0,0,0,1.0,33.0,22.0,22.0,0,0,0,0,0,0,1,22,1,22,-1,-1,1,0,0,0,0,0,0,0,0,0,No Label
131.202.240.242-224.0.0.252-53101-5355-17,131.202.240.242,53101,224.0.0.252,5355,17,29/04/2015 12:48:20 PM,423611,1,1,22.0,22.0,22.0,22.0,22.0,0.0,22.0,22.0,22.0,0.0,103.8688797033127,4.721312713786941,423611.0,0.0,423611.0,423611.0,0,0,0,0,0,0,0,0,0,0,0,0,0,0,8,8,2.3606563568934704,2.3606563568934704,22.0,22.0,22.0,0.0,0.0,0,0,0,0,0,0,0,0,1.0,33.0,22.0,22.0,0,0,0,0,0,0,1,22,1,22,-1,-1,1,0,0,0,0,0,0,0,0,0,No Label
131.202.240.242-224.0.0.252-49854-5355-17,131.202.240.242,49854,224.0.0.252,5355,17,29/04/2015 12:43:57 PM,420948,1,1,22.0,22.0,22.0,22.0,22.0,0.0,22.0,22.0,22.0,0.0,104.52597470471413,4.751180668396096,420948.0,0.0,420948.0,420948.0,0,0,0,0,0,0,0,0,0,0,0,0,0,0,8,8,2.375590334198048,2.375590334198048,22.0,22.0,22.0,0.0,0.0,0,0,0,0,0,0,0,0,1.0,33.0,22.0,22.0,0,0,0,0,0,0,1,22,1,22,-1,-1,1,0,0,0,0,0,0,0,0,0,No Label
131.202.240.242-224.0.0.252-56043-5355-17,131.202.240.242,56043,224.0.0.252,5355,17,29/04/2015 12:43:07 PM,420979,1,1,22.0,22.0,22.0,22.0,22.0,0.0,22.0,22.0,22.0,0.0,104.51827763380122,4.750830801536419,420979.0,0.0,420979.0,420979.0,0,0,0,0,0,0,0,0,0,0,0,0,0,0,8,8,2.3754154007682096,2.3754154007682096,22.0,22.0,22.0,0.0,0.0,0,0,0,0,0,0,0,0,1.0,33.0,22.0,22.0,0,0,0,0,0,0,1,22,1,22,-1,-1,1,0,0,0,0,0,0,0,0,0,No Label
131.202.240.242-224.0.0.252-60929-5355-17,131.202.240.242,60929,224.0.0.252,5355,17,29/04/2015 12:48:16 PM,410803,1,1,22.0,22.0,22.0,22.0,22.0,0.0,22.0,22.0,22.0,0.0,107.10729960589383,4.868513618449719,410803.0,0.0,410803.0,410803.0,0,0,0,0,0,0,0,0,0,0,0,0,0,0,8,8,2.4342568092248595,2.4342568092248595,22.0,22.0,22.0,0.0,0.0,0,0,0,0,0,0,0,0,1.0,33.0,22.0,22.0,0,0,0,0,0,0,1,22,1,22,-1,-1,1,0,0,0,0,0,0,0,0,0,No Label
131.202.240.242-224.0.0.252-54597-5355-17,131.202.240.242,54597,224.0.0.252,5355,17,29/04/2015 12:53:08 PM,419886,1,1,22.0,22.0,22.0,22.0,22.0,0.0,22.0,22.0,22.0,0.0,104.79034785632291,4.7631976298328595,419886.0,0.0,419886.0,419886.0,0,0,0,0,0,0,0,0,0,0,0,0,0,0,8,8,2.3815988149164298,2.3815988149164298,22.0,22.0,22.0,0.0,0.0,0,0,0,0,0,0,0,0,1.0,33.0,22.0,22.0,0,0,0,0,0,0,1,22,1,22,-1,-1,1,0,0,0,0,0,0,0,0,0,No Label
131.202.240.242-224.0.0.252-52603-5355-17,131.202.240.242,52603,224.0.0.252,5355,17,29/04/2015 12:43:31 PM,409963,1,1,22.0,22.0,22.0,22.0,22.0,0.0,22.0,22.0,22.0,0.0,107.326758756278,4.878489034376273,409963.0,0.0,409963.0,409963.0,0,0,0,0,0,0,0,0,0,0,0,0,0,0,8,8,2.4392445171881363,2.4392445171881363,22.0,22.0,22.0,0.0,0.0,0,0,0,0,0,0,0,0,1.0,33.0,22.0,22.0,0,0,0,0,0,0,1,22,1,22,-1,-1,1,0,0,0,0,0,0,0,0,0,No Label
131.202.240.242-224.0.0.252-62370-5355-17,131.202.240.242,62370,224.0.0.252,5355,17,29/04/2015 12:48:30 PM,422806,1,1,22.0,22.0,22.0,22.0,22.0,0.0,22.0,22.0,22.0,0.0,104.06664049232981,4.730301840560446,422806.0,0.0,422806.0,422806.0,0,0,0,0,0,0,0,0,0,0,0,0,0,0,8,8,2.365150920280223,2.365150920280223,22.0,22.0,22.0,0.0,0.0,0,0,0,0,0,0,0,0,1.0,33.0,22.0,22.0,0,0,0,0,0,0,1,22,1,22,-1,-1,1,0,0,0,0,0,0,0,0,0,No Label
131.202.240.242-224.0.0.252-65039-5355-17,131.202.240.242,65039,224.0.0.252,5355,17,29/04/2015 12:50:57 PM,420830,1,1,22.0,22.0,22.0,22.0,22.0,0.0,22.0,22.0,22.0,0.0,104.55528360620679,4.752512891191218,420830.0,0.0,420830.0,420830.0,0,0,0,0,0,0,0,0,0,0,0,0,0,0,8,8,2.376256445595609,2.376256445595609,22.0,22.0,22.0,0.0,0.0,0,0,0,0,0,0,0,0,1.0,33.0,22.0,22.0,0,0,0,0,0,0,1,22,1,22,-1,-1,1,0,0,0,0,0,0,0,0,0,No Label
131.202.240.242-224.0.0.252-51743-5355-17,131.202.240.242,51743,224.0.0.252,5355,17,29/04/2015 12:43:45 PM,420941,1,1,22.0,22.0,22.0,22.0,22.0,0.0,22.0,22.0,22.0,0.0,104.52771290988522,4.751259677722056,420941.0,0.0,420941.0,420941.0,0,0,0,0,0,0,0,0,0,0,0,0,0,0,8,8,2.375629838861028,2.375629838861028,22.0,22.0,22.0,0.0,0.0,0,0,0,0,0,0,0,0,1.0,33.0,22.0,22.0,0,0,0,0,0,0,1,22,1,22,-1,-1,1,0,0,0,0,0,0,0,0,0,No Label
131.202.240.242-131.202.240.45-51434-161-17,131.202.240.242,51434,131.202.240.45,161,17,29/04/2015 12:53:31 PM,30077,3,5,237.0,455.0,79.0,79.0,79.0,0.0,94.0,79.0,91.0,6.708203932499369,23007.613791269076,265.98397446553844,4296.714285714285,3967.7362443541915,7851.0,53.0,107.0,53.5,0.7071067811865476,54.0,53.0,30077.0,7519.25,411.6684547869398,8039.0,7045.0,0,0,0,0,24,40,99.74399042457692,166.23998404096153,79.0,94.0,85.66666666666667,7.905694150420947,62.499999999999986,0,0,0,0,0,0,0,0,1.0,96.375,79.0,91.0,0,0,0,0,0,0,3,237,5,455,-1,-1,3,0,0,0,0,0,0,0,0,0,No Label
131.202.240.242-131.202.244.3-63346-53-17,131.202.240.242,63346,131.202.244.3,53,17,29/04/2015 12:44:31 PM,477158,0,2,0.0,300.0,0,0,0,0,258.0,42.0,150.0,152.73506473629428,628.7225614995452,4.191483743330301,477158.0,0.0,477158.0,477158.0,0,0,0,0,0,477158.0,477158.0,0.0,477158.0,477158.0,0,0,0,0,0,16,0.0,4.191483743330301,42.0,258.0,114.0,124.70765814495917,15552.0,0,0,0,0,0,0,0,0,0.0,171.0,0.0,150.0,0,0,0,0,0,0,0,0,2,300,-1,-1,0,0,0,0,0,0,0,0,0,0,No Label
131.202.240.242-224.0.0.252-59403-5355-17,131.202.240.242,59403,224.0.0.252,5355,17,29/04/2015 12:44:47 PM,420971,1,1,22.0,22.0,22.0,22.0,22.0,0.0,22.0,22.0,22.0,0.0,104.52026386615705,4.750921084825321,420971.0,0.0,420971.0,420971.0,0,0,0,0,0,0,0,0,0,0,0,0,0,0,8,8,2.3754605424126605,2.3754605424126605,22.0,22.0,22.0,0.0,0.0,0,0,0,0,0,0,0,0,1.0,33.0,22.0,22.0,0,0,0,0,0,0,1,22,1,22,-1,-1,1,0,0,0,0,0,0,0,0,0,No Label
131.202.240.242-224.0.0.252-62619-5355-17,131.202.240.242,62619,224.0.0.252,5355,17,29/04/2015 12:49:18 PM,420676,1,1,22.0,22.0,22.0,22.0,22.0,0.0,22.0,22.0,22.0,0.0,104.59355893847047,4.754252679021385,420676.0,0.0,420676.0,420676.0,0,0,0,0,0,0,0,0,0,0,0,0,0,0,8,8,2.3771263395106925,2.3771263395106925,22.0,22.0,22.0,0.0,0.0,0,0,0,0,0,0,0,0,1.0,33.0,22.0,22.0,0,0,0,0,0,0,1,22,1,22,-1,-1,1,0,0,0,0,0,0,0,0,0,No Label
131.202.240.242-131.202.244.3-54845-53-17,131.202.240.242,54845,131.202.244.3,53,17,29/04/2015 12:46:01 PM,285,0,2,0.0,114.0,0,0,0,0,82.0,32.0,57.0,35.35533905932738,400000.0,7017.543859649123,285.0,0.0,285.0,285.0,0,0,0,0,0,285.0,285.0,0.0,285.0,285.0,0,0,0,0,0,16,0.0,7017.543859649123,32.0,82.0,48.66666666666667,28.867513459481287,833.3333333333334,0,0,0,0,0,0,0,0,0.0,73.0,0.0,57.0,0,0,0,0,0,0,0,0,2,114,-1,-1,0,0,0,0,0,0,0,0,0,0,No Label
131.202.240.242-224.0.0.252-62382-5355-17,131.202.240.242,62382,224.0.0.252,5355,17,29/04/2015 12:49:12 PM,421048,1,1,22.0,22.0,22.0,22.0,22.0,0.0,22.0,22.0,22.0,0.0,104.50114951264464,4.750052250574757,421048.0,0.0,421048.0,421048.0,0,0,0,0,0,0,0,0,0,0,0,0,0,0,8,8,2.3750261252873783,2.3750261252873783,22.0,22.0,22.0,0.0,0.0,0,0,0,0,0,0,0,0,1.0,33.0,22.0,22.0,0,0,0,0,0,0,1,22,1,22,-1,-1,1,0,0,0,0,0,0,0,0,0,No Label
131.202.240.242-224.0.0.252-49161-5355-17,131.202.240.242,49161,224.0.0.252,5355,17,29/04/2015 12:46:46 PM,417590,1,1,22.0,22.0,22.0,22.0,22.0,0.0,22.0,22.0,22.0,0.0,105.36650781867381,4.789386719030628,417590.0,0.0,417590.0,417590.0,0,0,0,0,0,0,0,0,0,0,0,0,0,0,8,8,2.394693359515314,2.394693359515314,22.0,22.0,22.0,0.0,0.0,0,0,0,0,0,0,0,0,1.0,33.0,22.0,22.0,0,0,0,0,0,0,1,22,1,22,-1,-1,1,0,0,0,0,0,0,0,0,0,No Label
131.202.240.242-224.0.0.252-52597-5355-17,131.202.240.242,52597,224.0.0.252,5355,17,29/04/2015 12:50:22 PM,421078,1,1,22.0,22.0,22.0,22.0,22.0,0.0,22.0,22.0,22.0,0.0,104.49370425431867,4.749713829741758,421078.0,0.0,421078.0,421078.0,0,0,0,0,0,0,0,0,0,0,0,0,0,0,8,8,2.374856914870879,2.374856914870879,22.0,22.0,22.0,0.0,0.0,0,0,0,0,0,0,0,0,1.0,33.0,22.0,22.0,0,0,0,0,0,0,1,22,1,22,-1,-1,1,0,0,0,0,0,0,0,0,0,No Label
131.202.240.242-224.0.0.252-65157-5355-17,131.202.240.242,65157,224.0.0.252,5355,17,29/04/2015 12:44:10 PM,421175,1,1,22.0,22.0,22.0,22.0,22.0,0.0,22.0,22.0,22.0,0.0,104.46963851130765,4.748619932332166,421175.0,0.0,421175.0,421175.0,0,0,0,0,0,0,0,0,0,0,0,0,0,0,8,8,2.374309966166083,2.374309966166083,22.0,22.0,22.0,0.0,0.0,0,0,0,0,0,0,0,0,1.0,33.0,22.0,22.0,0,0,0,0,0,0,1,22,1,22,-1,-1,1,0,0,0,0,0,0,0,0,0,No Label
131.202.240.242-224.0.0.252-65191-5355-17,131.202.240.242,65191,224.0.0.252,5355,17,29/04/2015 12:51:48 PM,448241,1,1,22.0,22.0,22.0,22.0,22.0,0.0,22.0,22.0,22.0,0.0,98.16148009664444,4.461885458938384,448241.0,0.0,448241.0,448241.0,0,0,0,0,0,0,0,0,0,0,0,0,0,0,8,8,2.230942729469192,2.230942729469192,22.0,22.0,22.0,0.0,0.0,0,0,0,0,0,0,0,0,1.0,33.0,22.0,22.0,0,0,0,0,0,0,1,22,1,22,-1,-1,1,0,0,0,0,0,0,0,0,0,No Label
131.202.240.242-224.0.0.252-58923-5355-17,131.202.240.242,58923,224.0.0.252,5355,17,29/04/2015 12:50:08 PM,420969,1,1,22.0,22.0,22.0,22.0,22.0,0.0,22.0,22.0,22.0,0.0,104.52076043604161,4.7509436561837095,420969.0,0.0,420969.0,420969.0,0,0,0,0,0,0,0,0,0,0,0,0,0,0,8,8,2.3754718280918548,2.3754718280918548,22.0,22.0,22.0,0.0,0.0,0,0,0,0,0,0,0,0,1.0,33.0,22.0,22.0,0,0,0,0,0,0,1,22,1,22,-1,-1,1,0,0,0,0,0,0,0,0,0,No Label
131.202.240.242-224.0.0.252-63260-5355-17,131.202.240.242,63260,224.0.0.252,5355,17,29/04/2015 12:50:30 PM,422289,1,1,22.0,22.0,22.0,22.0,22.0,0.0,22.0,22.0,22.0,0.0,104.19404720463947,4.736093054756339,422289.0,0.0,422289.0,422289.0,0,0,0,0,0,0,0,0,0,0,0,0,0,0,8,8,2.3680465273781697,2.3680465273781697,22.0,22.0,22.0,0.0,0.0,0,0,0,0,0,0,0,0,1.0,33.0,22.0,22.0,0,0,0,0,0,0,1,22,1,22,-1,-1,1,0,0,0,0,0,0,0,0,0,No Label
