Flow ID,Src IP,Src Port,Dst IP,Dst Port,Protocol,Timestamp,Flow Duration,Tot Fwd Pkts,Tot Bwd Pkts,TotLen Fwd Pkts,TotLen Bwd Pkts,Fwd Pkt Len Max,Fwd Pkt Len Min,Fwd Pkt Len Mean,Fwd Pkt Len Std,Bwd Pkt Len Max,Bwd Pkt Len Min,Bwd Pkt Len Mean,Bwd Pkt Len Std,Flow Byts/s,Flow Pkts/s,Flow IAT Mean,Flow IAT Std,Flow IAT Max,Flow IAT Min,Fwd IAT Tot,Fwd IAT Mean,Fwd IAT Std,Fwd IAT Max,Fwd IAT Min,Bwd IAT Tot,Bwd IAT Mean,Bwd IAT Std,Bwd IAT Max,Bwd IAT Min,Fwd PSH Flags,Bwd PSH Flags,Fwd URG Flags,Bwd URG Flags,Fwd Header Len,Bwd Header Len,Fwd Pkts/s,Bwd Pkts/s,Pkt Len Min,Pkt Len Max,Pkt Len Mean,Pkt Len Std,Pkt Len Var,FIN Flag Cnt,SYN Flag Cnt,RST Flag Cnt,PSH Flag Cnt,ACK Flag Cnt,URG Flag Cnt,CWE Flag Count,ECE Flag Cnt,Down/Up Ratio,Pkt Size Avg,Fwd Seg Size Avg,Bwd Seg Size Avg,Fwd Byts/b Avg,Fwd Pkts/b Avg,Fwd Blk Rate Avg,Bwd Byts/b Avg,Bwd Pkts/b Avg,Bwd Blk Rate Avg,Subflow Fwd Pkts,Subflow Fwd Byts,Subflow Bwd Pkts,Subflow Bwd Byts,Init Fwd Win Byts,Init Bwd Win Byts,Fwd Act Data Pkts,Fwd Seg Size Min,Active Mean,Active Std,Active Max,Active Min,Idle Mean,Idle Std,Idle Max,Idle Min,Label
131.202.240.150-23.45.42.52-50457-80-6,23.45.42.52,80,131.202.240.150,50457,6,31/03/2015 02:06:45 PM,681718,0,3,0.0,0.0,0,0,0,0,0.0,0.0,0.0,0.0,0.0,4.400646601674006,340859.0,426303.3646688705,642301.0,39417.0,0,0,0,0,0,681718.0,340859.0,426303.3646688705,642301.0,39417.0,0,0,0,0,0,96,0.0,4.400646601674006,0.0,0.0,0.0,0.0,0.0,1,0,0,0,1,0,0,0,0.0,0.0,0.0,0.0,0,0,0,0,0,0,0,0,3,0,-1,317,0,0,0,0,0,0,0,0,0,0,No Label
131.202.240.150-184.73.220.127-48078-80-6,131.202.240.150,48078,184.73.220.127,80,6,31/03/2015 02:07:01 PM,14582312,0,3,0.0,0.0,0,0,0,0,0.0,0.0,0.0,0.0,0.0,0.2057286937764053,7291156.0,1.0230770220956875E7,1.4525403E7,56909.0,0,0,0,0,0,1.4582312E7,7291156.0,1.0230770220956875E7,1.4525403E7,56909.0,0,0,0,0,0,96,0.0,0.2057286937764053,0.0,0.0,0.0,0.0,0.0,0,0,0,0,1,0,0,0,0.0,0.0,0.0,0.0,0,0,0,0,0,0,0,0,3,0,-1,136,0,0,0,0,0,0,0,0,0,0,No Label
131.202.240.150-184.73.220.127-48078-80-6,131.202.240.150,48078,184.73.220.127,80,6,31/03/2015 02:07:16 PM,429549,1,1,0.0,0.0,0.0,0.0,0.0,0.0,0.0,0.0,0.0,0.0,0.0,4.656046225226924,429549.0,0.0,429549.0,429549.0,0,0,0,0,0,0,0,0,0,0,0,0,0,0,32,32,2.328023112613462,2.328023112613462,0.0,0.0,0.0,0.0,0.0,0,0,0,0,1,0,0,0,1.0,0.0,0.0,0.0,0,0,0,0,0,0,1,0,1,0,-1,438,0,0,0,0,0,0,0,0,0,0,No Label
131.202.240.150-23.67.250.97-44615-80-6,131.202.240.150,44615,23.67.250.97,80,6,31/03/2015 02:07:05 PM,16758883,0,3,0.0,0.0,0,0,0,0,0.0,0.0,0.0,0.0,0.0,0.17900954377448663,8379441.5,1.1798297968520056E7,1.6722098E7,36785.0,0,0,0,0,0,1.6758883E7,8379441.5,1.1798297968520056E7,1.6722098E7,36785.0,0,0,0,0,0,96,0.0,0.17900954377448663,0.0,0.0,0.0,0.0,0.0,0,0,0,0,1,0,0,0,0.0,0.0,0.0,0.0,0,0,0,0,0,0,0,0,3,0,-1,508,0,0,0,0,0,0,0,0,0,0,No Label
131.202.240.150-54.210.92.215-36527-80-6,131.202.240.150,36527,54.210.92.215,80,6,31/03/2015 02:07:12 PM,14343729,0,3,0.0,0.0,0,0,0,0,0.0,0.0,0.0,0.0,0.0,0.20915063300484832,7171864.5,1.006556815656148E7,1.4289296E7,54433.0,0,0,0,0,0,1.4343729E7,7171864.5,1.006556815656148E7,1.4289296E7,54433.0,0,0,0,0,0,96,0.0,0.20915063300484832,0.0,0.0,0.0,0.0,0.0,0,0,0,0,1,0,0,0,0.0,0.0,0.0,0.0,0,0,0,0,0,0,0,0,3,0,-1,166,0,0,0,0,0,0,0,0,0,0,No Label
131.202.240.150-54.210.92.215-36527-80-6,131.202.240.150,36527,54.210.92.215,80,6,31/03/2015 02:07:26 PM,109653,1,1,0.0,0.0,0.0,0.0,0.0,0.0,0.0,0.0,0.0,0.0,0.0,18.239355056405206,109653.0,0.0,109653.0,109653.0,0,0,0,0,0,0,0,0,0,0,0,0,0,0,32,32,9.119677528202603,9.119677528202603,0.0,0.0,0.0,0.0,0.0,0,0,0,0,1,0,0,0,1.0,0.0,0.0,0.0,0,0,0,0,0,0,1,0,1,0,-1,1140,0,0,0,0,0,0,0,0,0,0,No Label
131.202.240.150-23.67.250.97-44615-80-6,131.202.240.150,44615,23.67.250.97,80,6,31/03/2015 02:07:21 PM,4669784,1,1,0.0,0.0,0.0,0.0,0.0,0.0,0.0,0.0,0.0,0.0,0.0,0.42828533396833773,4669784.0,0.0,4669784.0,4669784.0,0,0,0,0,0,0,0,0,0,0,0,0,0,0,32,32,0.21414266698416887,0.21414266698416887,0.0,0.0,0.0,0.0,0.0,0,0,0,0,1,0,0,0,1.0,0.0,0.0,0.0,0,0,0,0,0,0,1,0,1,0,-1,237,0,0,0,0,0,0,0,0,0,0,No Label
131.202.240.150-54.225.95.177-36933-443-6,131.202.240.150,36933,54.225.95.177,443,6,31/03/2015 02:07:12 PM,19105846,1,4,0.0,31.0,0.0,0.0,0.0,0.0,31.0,0.0,7.75,15.500000000000002,1.6225400330349151,0.26170000532821214,4776461.5,6611302.889399461,1.405E7,77.0,0,0,0,0,0,1.9105846E7,6368615.333333333,7096101.092767798,1.405E7,57721.0,0,0,0,0,32,128,0.05234000106564242,0.20936000426256968,0.0,31.0,5.166666666666667,12.655697004379753,160.16666666666666,0,0,0,0,1,0,0,0,4.0,6.2,0.0,7.75,0,0,0,0,0,0,1,0,4,31,-1,136,0,0,57721.0,0.0,57721.0,57721.0,1.405E7,0.0,1.405E7,1.405E7,No Label
131.202.240.150-107.21.98.35-57264-443-6,131.202.240.150,57264,107.21.98.35,443,6,31/03/2015 02:07:12 PM,19188191,1,4,0.0,31.0,0.0,0.0,0.0,0.0,31.0,0.0,7.75,15.500000000000002,1.6155769973313274,0.26057693505343993,4797047.75,6648453.280014551,1.4128003E7,80.0,0,0,0,0,0,1.9188191E7,6396063.666666667,7138780.3934316635,1.4128003E7,55216.0,0,0,0,0,32,128,0.05211538701068798,0.2084615480427519,0.0,31.0,5.166666666666667,12.655697004379753,160.16666666666666,0,0,0,0,1,0,0,0,4.0,6.2,0.0,7.75,0,0,0,0,0,0,1,0,4,31,-1,136,0,0,55216.0,0.0,55216.0,55216.0,1.4128003E7,0.0,1.4128003E7,1.4128003E7,No Label
131.202.240.150-107.21.98.35-57264-443-6,131.202.240.150,57264,107.21.98.35,443,6,31/03/2015 02:07:31 PM,63001,1,1,0.0,0.0,0.0,0.0,0.0,0.0,0.0,0.0,0.0,0.0,0.0,31.745527848764304,63001.0,0.0,63001.0,63001.0,0,0,0,0,0,0,0,0,0,0,0,0,0,0,32,32,15.872763924382152,15.872763924382152,0.0,0.0,0.0,0.0,0.0,0,0,0,0,1,0,0,0,1.0,0.0,0.0,0.0,0,0,0,0,0,0,1,0,1,0,-1,382,0,0,0,0,0,0,0,0,0,0,No Label
131.202.240.150-54.225.95.177-36933-443-6,131.202.240.150,36933,54.225.95.177,443,6,31/03/2015 02:07:31 PM,435254,1,1,0.0,0.0,0.0,0.0,0.0,0.0,0.0,0.0,0.0,0.0,0.0,4.595018081396151,435254.0,0.0,435254.0,435254.0,0,0,0,0,0,0,0,0,0,0,0,0,0,0,32,32,2.2975090406980754,2.2975090406980754,0.0,0.0,0.0,0.0,0.0,0,0,0,0,1,0,0,0,1.0,0.0,0.0,0.0,0,0,0,0,0,0,1,0,1,0,-1,716,0,0,0,0,0,0,0,0,0,0,No Label
131.202.240.150-131.202.240.86-40273-49624-17,131.202.240.86,49624,131.202.240.150,40273,17,31/03/2015 02:06:50 PM,59990254,2576,2568,273704.0,241997.0,200.0,3.0,106.25155279503092,24.481790290751196,192.0,3.0,94.23559190031156,22.654245282815648,8596.413010686703,85.7472615468506,11664.447598677827,107835.41257211634,7723689.0,6.0,5.9370627E7,23056.55417475728,151870.19281138253,7723689.0,6.0,5.9990254E7,23369.79119594865,152310.43521533548,7726798.0,53.0,0,0,0,0,20608,20544,42.94030827074011,42.806953276110484,3.0,200.0,100.2388726919338,24.356673736249206,593.2475554940919,0,0,0,0,0,0,0,0,0.0,100.25835925349922,106.25155279503106,94.23559190031153,0,0,0,0,0,0,2576,273704,2568,241997,-1,-1,2576,0,614916.0,0.0,614916.0,614916.0,7723689.0,0.0,7723689.0,7723689.0,No Label
8.0.6.4-8.6.0.1-0-0-0,8.6.0.1,0,8.0.6.4,0,0,31/03/2015 02:06:49 PM,50853086,9,1,0.0,0.0,0.0,0.0,0.0,0.0,0.0,0.0,0.0,0.0,0.0,0.19664489978051677,5650342.88888889,8738209.236077629,2.3000023E7,12.0,5.0853074E7,6356634.25,9062744.666093202,2.3000023E7,32.0,0,0,0,0,0,0,0,0,0,0,0,0.1769804098024651,0.019664489978051678,0.0,0.0,0.0,0.0,0.0,0,0,0,0,0,0,0,0,0.0,0.0,0.0,0.0,0,0,0,0,0,0,9,0,1,0,-1,-1,0,0,1617763.0,2801742.0073638116,4852936.0,32.0,1.5333253666666668E7,9200852.892504387,2.3000023E7,5130318.0,No Label
131.202.240.150-23.45.42.52-50459-80-6,131.202.240.150,50459,23.45.42.52,80,6,31/03/2015 02:06:46 PM,45131258,1,3,0.0,0.0,0.0,0.0,0.0,0.0,0.0,0.0,0.0,0.0,0.0,0.08863036789269202,1.5043752666666668E7,2.5940411965975873E7,4.499716E7,63201.0,0,0,0,0,0,4.5131258E7,2.2565629E7,3.181235507634806E7,4.5060361E7,70897.0,0,0,0,0,32,96,0.022157591973173005,0.06647277591951901,0.0,0.0,0.0,0.0,0.0,0,0,0,0,1,0,0,0,3.0,0.0,0.0,0.0,0,0,0,0,0,0,1,0,3,0,-1,996,0,0,70897.0,0.0,70897.0,70897.0,4.499716E7,0.0,4.499716E7,4.499716E7,No Label
131.202.240.150-23.45.35.126-38688-443-6,131.202.240.150,38688,23.45.35.126,443,6,31/03/2015 02:06:45 PM,45228916,1,3,0.0,0.0,0.0,0.0,0.0,0.0,0.0,0.0,0.0,0.0,0.0,0.08843899774206396,1.5076305333333332E7,2.5997671887584403E7,4.5095831E7,64919.0,0,0,0,0,0,4.5228916E7,2.2614458E7,3.1885271927624013E7,4.516075E7,68166.0,0,0,0,0,32,96,0.02210974943551599,0.06632924830654796,0.0,0.0,0.0,0.0,0.0,0,0,0,0,1,0,0,0,3.0,0.0,0.0,0.0,0,0,0,0,0,0,1,0,3,0,-1,1314,0,0,68166.0,0.0,68166.0,68166.0,4.5095831E7,0.0,4.5095831E7,4.5095831E7,No Label
131.202.240.150-23.45.42.52-50458-80-6,131.202.240.150,50458,23.45.42.52,80,6,31/03/2015 02:06:46 PM,45133400,1,3,0.0,0.0,0.0,0.0,0.0,0.0,0.0,0.0,0.0,0.0,0.0,0.0886261615566299,1.5044466666666668E7,2.5941056945709366E7,4.4998619E7,65402.0,0,0,0,0,0,4.51334E7,2.25667E7,3.181601647526104E7,4.5064021E7,69379.0,0,0,0,0,32,96,0.022156540389157476,0.06646962116747242,0.0,0.0,0.0,0.0,0.0,0,0,0,0,1,0,0,0,3.0,0.0,0.0,0.0,0,0,0,0,0,0,1,0,3,0,-1,724,0,0,69379.0,0.0,69379.0,69379.0,4.4998619E7,0.0,4.4998619E7,4.4998619E7,No Label
131.202.240.150-209.148.205.40-35387-80-6,131.202.240.150,35387,209.148.205.40,80,6,31/03/2015 02:06:46 PM,45077716,1,3,0.0,0.0,0.0,0.0,0.0,0.0,0.0,0.0,0.0,0.0,0.0,0.08873564046590116,1.5025905333333332E7,2.5988289318480205E7,4.5034597E7,21354.0,0,0,0,0,0,4.5077716E7,2.2538858E7,3.1844559547590416E7,4.5056362E7,21354.0,0,0,0,0,32,96,0.02218391011647529,0.06655173034942587,0.0,0.0,0.0,0.0,0.0,0,0,0,0,1,0,0,0,3.0,0.0,0.0,0.0,0,0,0,0,0,0,1,0,3,0,-1,1320,0,0,21354.0,0.0,21354.0,21354.0,4.5034597E7,0.0,4.5034597E7,4.5034597E7,No Label
131.202.240.150-23.45.42.52-50456-80-6,131.202.240.150,50456,23.45.42.52,80,6,31/03/2015 02:06:46 PM,45134121,1,3,0.0,0.0,0.0,0.0,0.0,0.0,0.0,0.0,0.0,0.0,0.0,0.08862474578822528,1.5044707E7,2.5940357766771626E7,4.4998052E7,66150.0,0,0,0,0,0,4.5134121E7,2.25670605E7,3.1815762623926595E7,4.5064202E7,69919.0,0,0,0,0,32,96,0.02215618644705632,0.06646855934116895,0.0,0.0,0.0,0.0,0.0,0,0,0,0,1,0,0,0,3.0,0.0,0.0,0.0,0,0,0,0,0,0,1,0,3,0,-1,996,0,0,69919.0,0.0,69919.0,69919.0,4.4998052E7,0.0,4.4998052E7,4.4998052E7,No Label
131.202.240.150-23.45.42.52-50460-80-6,131.202.240.150,50460,23.45.42.52,80,6,31/03/2015 02:06:46 PM,45132991,1,3,0.0,0.0,0.0,0.0,0.0,0.0,0.0,0.0,0.0,0.0,0.0,0.08862696469640136,1.5044330333333332E7,2.5939922833546158E7,4.4997173E7,64951.0,0,0,0,0,0,4.5132991E7,2.25664955E7,3.1813622918806724E7,4.5062124E7,70867.0,0,0,0,0,32,96,0.02215674117410034,0.06647022352230102,0.0,0.0,0.0,0.0,0.0,0,0,0,0,1,0,0,0,3.0,0.0,0.0,0.0,0,0,0,0,0,0,1,0,3,0,-1,996,0,0,70867.0,0.0,70867.0,70867.0,4.4997173E7,0.0,4.4997173E7,4.4997173E7,No Label
131.202.240.150-23.45.42.52-50459-80-6,131.202.240.150,50459,23.45.42.52,80,6,31/03/2015 02:08:13 PM,2728954,2,1,0.0,0.0,0.0,0.0,0.0,0.0,0.0,0.0,0.0,0.0,0.0,1.0993223044433875,1364477.0,1875061.9217300531,2690346.0,38608.0,2690346.0,2690346.0,0.0,2690346.0,2690346.0,0,0,0,0,0,0,0,0,0,64,32,0.7328815362955917,0.36644076814779586,0.0,0.0,0.0,0.0,0.0,1,0,0,0,1,0,0,0,0.0,0.0,0.0,0.0,0,0,0,0,0,0,2,0,1,0,-1,996,0,0,0,0,0,0,0,0,0,0,No Label
131.202.240.150-216.58.219.206-33267-443-6,131.202.240.150,33267,216.58.219.206,443,6,31/03/2015 02:07:16 PM,59728960,2,5,0.0,63.0,0.0,0.0,0.0,0.0,63.0,0.0,12.6,28.17445651649735,1.054764723845853,0.117196080427317,9954826.666666668,1.8151844061873306E7,4.5028115E7,8.0,1.4672954E7,1.4672954E7,0.0,1.4672954E7,1.4672954E7,5.972896E7,1.493224E7,2.1233383874519497E7,4.5054968E7,85.0,0,0,0,0,64,160,0.03348459440780486,0.08371148601951214,0.0,63.0,7.875,22.273863607376246,496.125,0,0,0,0,1,0,0,0,2.0,9.0,0.0,12.6,0,0,0,0,0,0,2,0,5,63,-1,350,0,0,27368.0,728.3199846221439,27883.0,26853.0,2.98370695E7,2.1483382572726775E7,4.5028115E7,1.4646024E7,No Label
131.202.240.150-208.71.121.194-56911-80-6,131.202.240.150,56911,208.71.121.194,80,6,31/03/2015 02:06:46 PM,45115324,1,3,0.0,0.0,0.0,0.0,0.0,0.0,0.0,0.0,0.0,0.0,0.0,0.0886616706997383,1.5038441333333332E7,2.5945257384555686E7,4.4997444E7,58534.0,0,0,0,0,0,4.5115324E7,2.2557662E7,3.1818571959168248E7,4.505679E7,58534.0,0,0,0,0,20,60,0.022165417674934573,0.06649625302480372,0.0,0.0,0.0,0.0,0.0,0,0,0,0,1,0,0,0,3.0,0.0,0.0,0.0,0,0,0,0,0,0,1,0,3,0,-1,8190,0,0,58534.0,0.0,58534.0,58534.0,4.4997444E7,0.0,4.4997444E7,4.4997444E7,No Label
131.202.240.150-208.71.122.72-46942-80-6,131.202.240.150,46942,208.71.122.72,80,6,31/03/2015 02:06:46 PM,45113940,1,3,0.0,0.0,0.0,0.0,0.0,0.0,0.0,0.0,0.0,0.0,0.0,0.08866439065175864,1.503798E7,2.594588813726971E7,4.4997711E7,57921.0,0,0,0,0,0,4.511394E7,2.255697E7,3.1817912935648184E7,4.5055632E7,58308.0,0,0,0,0,20,60,0.02216609766293966,0.06649829298881897,0.0,0.0,0.0,0.0,0.0,0,0,0,0,1,0,0,0,3.0,0.0,0.0,0.0,0,0,0,0,0,0,1,0,3,0,-1,8190,0,0,58308.0,0.0,58308.0,58308.0,4.4997711E7,0.0,4.4997711E7,4.4997711E7,No Label
131.202.240.150-50.31.164.175-44341-80-6,131.202.240.150,44341,50.31.164.175,80,6,31/03/2015 02:06:47 PM,45097127,1,3,0.0,0.0,0.0,0.0,0.0,0.0,0.0,0.0,0.0,0.0,0.0,0.08869744629186689,1.5032375666666668E7,2.5965826928121705E7,4.501513E7,40961.0,0,0,0,0,0,4.5097127E7,2.25485635E7,3.183055671200258E7,4.5056166E7,40961.0,0,0,0,0,32,96,0.022174361572966723,0.06652308471890016,0.0,0.0,0.0,0.0,0.0,0,0,0,0,1,0,0,0,3.0,0.0,0.0,0.0,0,0,0,0,0,0,1,0,3,0,-1,6562,0,0,40961.0,0.0,40961.0,40961.0,4.501513E7,0.0,4.501513E7,4.501513E7,No Label
131.202.240.150-209.148.205.11-40322-80-6,131.202.240.150,40322,209.148.205.11,80,6,31/03/2015 02:06:47 PM,45077178,1,3,0.0,0.0,0.0,0.0,0.0,0.0,0.0,0.0,0.0,0.0,0.0,0.08873669953340911,1.5025726E7,2.59883207839017E7,4.5034454E7,21179.0,0,0,0,0,0,4.5077178E7,2.2538589E7,3.1843909009351727E7,4.5055633E7,21545.0,0,0,0,0,32,96,0.022184174883352278,0.06655252465005684,0.0,0.0,0.0,0.0,0.0,0,0,0,0,1,0,0,0,3.0,0.0,0.0,0.0,0,0,0,0,0,0,1,0,3,0,-1,486,0,0,21545.0,0.0,21545.0,21545.0,4.5034454E7,0.0,4.5034454E7,4.5034454E7,No Label
131.202.240.150-176.32.103.135-56399-443-6,131.202.240.150,56399,176.32.103.135,443,6,31/03/2015 02:07:07 PM,45110767,1,3,0.0,0.0,0.0,0.0,0.0,0.0,0.0,0.0,0.0,0.0,0.0,0.08867062712544878,1.5036922333333332E7,2.5949639470024902E7,4.5000985E7,54818.0,0,0,0,0,0,4.5110767E7,2.25553835E7,3.1820398415984053E7,4.5055803E7,54964.0,0,0,0,0,20,60,0.022167656781362195,0.06650297034408659,0.0,0.0,0.0,0.0,0.0,0,0,0,0,1,0,0,0,3.0,0.0,0.0,0.0,0,0,0,0,0,0,1,0,3,0,-1,32768,0,0,54964.0,0.0,54964.0,54964.0,4.5000985E7,0.0,4.5000985E7,4.5000985E7,No Label
131.202.240.150-176.32.103.135-56399-443-6,131.202.240.150,56399,176.32.103.135,443,6,31/03/2015 02:08:22 PM,55049,0,2,0.0,0.0,0,0,0,0,0.0,0.0,0.0,0.0,0.0,36.331268506239894,55049.0,0.0,55049.0,55049.0,0,0,0,0,0,55049.0,55049.0,0.0,55049.0,55049.0,0,0,0,0,0,40,0.0,36.331268506239894,0.0,0.0,0.0,0.0,0.0,1,0,0,0,1,0,0,0,0.0,0.0,0.0,0.0,0,0,0,0,0,0,0,0,2,0,-1,32768,0,0,0,0,0,0,0,0,0,0,No Label
131.202.240.150-157.55.56.157-48885-40008-6,131.202.240.150,48885,157.55.56.157,40008,6,31/03/2015 02:07:22 PM,44315022,5,7,886.0,19.0,882.0,0.0,177.2,393.9989847702656,10.0,0.0,2.714285714285714,3.592319850008056,20.42196887547523,0.27078853757536214,4028638.3636363633,1.3275028681452423E7,4.4054224E7,48.0,4.4146354E7,1.10365885E7,2.2011819586153287E7,4.4054302E7,155.0,4.4315022E7,7385837.0,1.796382205807124E7,4.405428E7,223.0,0,1,0,0,160,224,0.11282855732306757,0.15795998025229457,0.0,882.0,69.76923076923077,244.06152019731752,59566.025641025626,0,0,0,1,1,0,0,0,1.0,75.58333333333333,177.2,2.7142857142857144,0,0,0,0,0,0,5,886,7,19,-1,83,2,0,129316.0,0.0,129316.0,129316.0,4.4054224E7,0.0,4.4054224E7,4.4054224E7,No Label
131.202.240.150-209.148.205.11-40321-80-6,131.202.240.150,40321,209.148.205.11,80,6,31/03/2015 02:06:52 PM,45077360,1,3,0.0,0.0,0.0,0.0,0.0,0.0,0.0,0.0,0.0,0.0,0.0,0.08873634125867176,1.5025786666666668E7,2.5987720918807354E7,4.5033822E7,21410.0,0,0,0,0,0,4.507736E7,2.253868E7,3.1843213216279037E7,4.5055232E7,22128.0,0,0,0,0,32,96,0.02218408531466794,0.06655225594400382,0.0,0.0,0.0,0.0,0.0,0,0,0,0,1,0,0,0,3.0,0.0,0.0,0.0,0,0,0,0,0,0,1,0,3,0,-1,587,0,0,22128.0,0.0,22128.0,22128.0,4.5033822E7,0.0,4.5033822E7,4.5033822E7,No Label
131.202.240.150-72.21.194.87-58995-80-6,131.202.240.150,58995,72.21.194.87,80,6,31/03/2015 02:07:07 PM,45111026,1,3,0.0,0.0,0.0,0.0,0.0,0.0,0.0,0.0,0.0,0.0,0.0,0.08867011803278427,1.5037008666666668E7,2.5948943765557498E7,4.5000268E7,55004.0,0,0,0,0,0,4.5111026E7,2.2555513E7,3.1819464327926107E7,4.5055272E7,55754.0,0,0,0,0,20,60,0.022167529508196067,0.0665025885245882,0.0,0.0,0.0,0.0,0.0,0,0,0,0,1,0,0,0,3.0,0.0,0.0,0.0,0,0,0,0,0,0,1,0,3,0,-1,127,0,0,55754.0,0.0,55754.0,55754.0,4.5000268E7,0.0,4.5000268E7,4.5000268E7,No Label
131.202.240.150-72.21.194.87-58966-80-6,131.202.240.150,58966,72.21.194.87,80,6,31/03/2015 02:07:08 PM,45111837,1,3,0.0,0.0,0.0,0.0,0.0,0.0,0.0,0.0,0.0,0.0,0.0,0.08866852396190383,1.5037279E7,2.5948171846713535E7,4.4999647E7,55848.0,0,0,0,0,0,4.5111837E7,2.25559185E7,3.1819206233950973E7,4.5055495E7,56342.0,0,0,0,0,20,60,0.02216713099047596,0.06650139297142788,0.0,0.0,0.0,0.0,0.0,0,0,0,0,1,0,0,0,3.0,0.0,0.0,0.0,0,0,0,0,0,0,1,0,3,0,-1,127,0,0,56342.0,0.0,56342.0,56342.0,4.4999647E7,0.0,4.4999647E7,4.4999647E7,No Label
131.202.240.150-72.21.194.87-58995-80-6,131.202.240.150,58995,72.21.194.87,80,6,31/03/2015 02:08:26 PM,55572,0,2,0.0,0.0,0,0,0,0,0.0,0.0,0.0,0.0,0.0,35.98934715324264,55572.0,0.0,55572.0,55572.0,0,0,0,0,0,55572.0,55572.0,0.0,55572.0,55572.0,0,0,0,0,0,40,0.0,35.98934715324264,0.0,0.0,0.0,0.0,0.0,1,0,0,0,1,0,0,0,0.0,0.0,0.0,0.0,0,0,0,0,0,0,0,0,2,0,-1,127,0,0,0,0,0,0,0,0,0,0,No Label
131.202.240.150-72.21.194.87-58966-80-6,131.202.240.150,58966,72.21.194.87,80,6,31/03/2015 02:08:26 PM,55583,0,2,0.0,0.0,0,0,0,0,0.0,0.0,0.0,0.0,0.0,35.982224780958205,55583.0,0.0,55583.0,55583.0,0,0,0,0,0,55583.0,55583.0,0.0,55583.0,55583.0,0,0,0,0,0,40,0.0,35.982224780958205,0.0,0.0,0.0,0.0,0.0,1,0,0,0,1,0,0,0,0.0,0.0,0.0,0.0,0,0,0,0,0,0,0,0,2,0,-1,127,0,0,0,0,0,0,0,0,0,0,No Label
131.202.240.150-176.32.103.135-56401-443-6,131.202.240.150,56401,176.32.103.135,443,6,31/03/2015 02:07:07 PM,45112704,1,3,0.0,0.0,0.0,0.0,0.0,0.0,0.0,0.0,0.0,0.0,0.0,0.08866681988293142,1.5037568E7,2.5949070792054635E7,4.5000974E7,55071.0,0,0,0,0,0,4.5112704E7,2.2556352E7,3.1821616760968037E7,4.5057633E7,55071.0,0,0,0,0,20,60,0.022166704970732854,0.06650011491219857,0.0,0.0,0.0,0.0,0.0,0,0,0,0,1,0,0,0,3.0,0.0,0.0,0.0,0,0,0,0,0,0,1,0,3,0,-1,32768,0,0,55071.0,0.0,55071.0,55071.0,4.5000974E7,0.0,4.5000974E7,4.5000974E7,No Label
131.202.240.150-176.32.103.135-56400-443-6,131.202.240.150,56400,176.32.103.135,443,6,31/03/2015 02:07:07 PM,45112736,1,3,0.0,0.0,0.0,0.0,0.0,0.0,0.0,0.0,0.0,0.0,0.0,0.08866675698853646,1.5037578666666668E7,2.594906068847087E7,4.5000973E7,55086.0,0,0,0,0,0,4.5112736E7,2.2556368E7,3.18216181751816E7,4.505765E7,55086.0,0,0,0,0,20,60,0.022166689247134115,0.06650006774140234,0.0,0.0,0.0,0.0,0.0,0,0,0,0,1,0,0,0,3.0,0.0,0.0,0.0,0,0,0,0,0,0,1,0,3,0,-1,32768,0,0,55086.0,0.0,55086.0,55086.0,4.5000973E7,0.0,4.5000973E7,4.5000973E7,No Label
131.202.240.150-176.32.103.135-56401-443-6,131.202.240.150,56401,176.32.103.135,443,6,31/03/2015 02:08:32 PM,55871,0,2,0.0,0.0,0,0,0,0,0.0,0.0,0.0,0.0,0.0,35.79674607578171,55871.0,0.0,55871.0,55871.0,0,0,0,0,0,55871.0,55871.0,0.0,55871.0,55871.0,0,0,0,0,0,40,0.0,35.79674607578171,0.0,0.0,0.0,0.0,0.0,1,0,0,0,1,0,0,0,0.0,0.0,0.0,0.0,0,0,0,0,0,0,0,0,2,0,-1,32768,0,0,0,0,0,0,0,0,0,0,No Label
131.202.240.150-176.32.103.135-56400-443-6,131.202.240.150,56400,176.32.103.135,443,6,31/03/2015 02:08:32 PM,55577,0,2,0.0,0.0,0,0,0,0,0.0,0.0,0.0,0.0,0.0,35.98610936178635,55577.0,0.0,55577.0,55577.0,0,0,0,0,0,55577.0,55577.0,0.0,55577.0,55577.0,0,0,0,0,0,40,0.0,35.98610936178635,0.0,0.0,0.0,0.0,0.0,1,0,0,0,1,0,0,0,0.0,0.0,0.0,0.0,0,0,0,0,0,0,0,0,2,0,-1,32768,0,0,0,0,0,0,0,0,0,0,No Label
131.202.240.150-209.148.205.17-55268-80-6,131.202.240.150,55268,209.148.205.17,80,6,31/03/2015 02:07:02 PM,45078276,1,3,0.0,0.0,0.0,0.0,0.0,0.0,0.0,0.0,0.0,0.0,0.0,0.08873453811765117,1.5026092E7,2.5987767393590257E7,4.5034181E7,21876.0,0,0,0,0,0,4.5078276E7,2.2539138E7,3.1844217307908323E7,4.50564E7,21876.0,0,0,0,0,32,96,0.022183634529412792,0.06655090358823837,0.0,0.0,0.0,0.0,0.0,0,0,0,0,1,0,0,0,3.0,0.0,0.0,0.0,0,0,0,0,0,0,1,0,3,0,-1,520,0,0,21876.0,0.0,21876.0,21876.0,4.5034181E7,0.0,4.5034181E7,4.5034181E7,No Label
131.202.240.150-23.49.91.178-41248-80-6,131.202.240.150,41248,23.49.91.178,80,6,31/03/2015 02:07:03 PM,45078543,1,3,0.0,0.0,0.0,0.0,0.0,0.0,0.0,0.0,0.0,0.0,0.0,0.08873401254339564,1.5026181E7,2.5988080036249004E7,4.5034631E7,21309.0,0,0,0,0,0,4.5078543E7,2.25392715E7,3.1845207964508764E7,4.5057234E7,21309.0,0,0,0,0,32,96,0.02218350313584891,0.06655050940754673,0.0,0.0,0.0,0.0,0.0,0,0,0,0,1,0,0,0,3.0,0.0,0.0,0.0,0,0,0,0,0,0,1,0,3,0,-1,486,0,0,21309.0,0.0,21309.0,21309.0,4.5034631E7,0.0,4.5034631E7,4.5034631E7,No Label
131.202.240.150-23.49.81.120-49121-80-6,131.202.240.150,49121,23.49.81.120,80,6,31/03/2015 02:07:04 PM,45079595,1,3,0.0,0.0,0.0,0.0,0.0,0.0,0.0,0.0,0.0,0.0,0.0,0.08873194180205035,1.5026531666666668E7,2.5987848244069077E7,4.5034714E7,21371.0,0,0,0,0,0,4.5079595E7,2.25397975E7,3.1845864159601707E7,4.5058224E7,21371.0,0,0,0,0,32,96,0.022182985450512588,0.06654895635153776,0.0,0.0,0.0,0.0,0.0,0,0,0,0,1,0,0,0,3.0,0.0,0.0,0.0,0,0,0,0,0,0,1,0,3,0,-1,553,0,0,21371.0,0.0,21371.0,21371.0,4.5034714E7,0.0,4.5034714E7,4.5034714E7,No Label
131.202.240.150-23.49.93.9-50790-80-6,131.202.240.150,50790,23.49.93.9,80,6,31/03/2015 02:07:04 PM,45079432,1,3,0.0,0.0,0.0,0.0,0.0,0.0,0.0,0.0,0.0,0.0,0.0,0.08873226264252843,1.5026477333333332E7,2.598791521568343E7,4.5034737E7,21303.0,0,0,0,0,0,4.5079432E7,2.2539716E7,3.1845845067718614E7,4.5058129E7,21303.0,0,0,0,0,32,96,0.022183065660632106,0.06654919698189632,0.0,0.0,0.0,0.0,0.0,0,0,0,0,1,0,0,0,3.0,0.0,0.0,0.0,0,0,0,0,0,0,1,0,3,0,-1,486,0,0,21303.0,0.0,21303.0,21303.0,4.5034737E7,0.0,4.5034737E7,4.5034737E7,No Label
131.202.240.150-209.148.205.32-44854-80-6,131.202.240.150,44854,209.148.205.32,80,6,31/03/2015 02:07:05 PM,45082355,1,3,0.0,0.0,0.0,0.0,0.0,0.0,0.0,0.0,0.0,0.0,0.0,0.08872650951796995,1.5027451666666668E7,2.598715812590829E7,4.5034837E7,21199.0,0,0,0,0,0,4.5082355E7,2.25411775E7,3.184805901905051E7,4.5061156E7,21199.0,0,0,0,0,32,96,0.02218162737949249,0.06654488213847747,0.0,0.0,0.0,0.0,0.0,0,0,0,0,1,0,0,0,3.0,0.0,0.0,0.0,0,0,0,0,0,0,1,0,3,0,-1,560,0,0,21199.0,0.0,21199.0,21199.0,4.5034837E7,0.0,4.5034837E7,4.5034837E7,No Label
131.202.240.150-23.49.82.127-54806-80-6,131.202.240.150,54806,23.49.82.127,80,6,31/03/2015 02:07:05 PM,45082335,1,3,0.0,0.0,0.0,0.0,0.0,0.0,0.0,0.0,0.0,0.0,0.0,0.08872654887995486,1.5027445E7,2.5987184684809856E7,4.5034861E7,21169.0,0,0,0,0,0,4.5082335E7,2.25411675E7,3.1848087303321756E7,4.5061166E7,21169.0,0,0,0,0,32,96,0.022181637219988715,0.06654491165996615,0.0,0.0,0.0,0.0,0.0,0,0,0,0,1,0,0,0,3.0,0.0,0.0,0.0,0,0,0,0,0,0,1,0,3,0,-1,486,0,0,21169.0,0.0,21169.0,21169.0,4.5034861E7,0.0,4.5034861E7,4.5034861E7,No Label
131.202.240.150-184.25.76.112-59373-80-6,131.202.240.150,59373,184.25.76.112,80,6,31/03/2015 02:07:05 PM,45082589,1,3,0.0,0.0,0.0,0.0,0.0,0.0,0.0,0.0,0.0,0.0,0.0,0.0887260489853411,1.5027529666666668E7,2.598711570281358E7,4.5034866E7,21181.0,0,0,0,0,0,4.5082589E7,2.25412945E7,3.184824993788143E7,4.5061408E7,21181.0,0,0,0,0,32,96,0.022181512246335276,0.06654453673900583,0.0,0.0,0.0,0.0,0.0,0,0,0,0,1,0,0,0,3.0,0.0,0.0,0.0,0,0,0,0,0,0,1,0,3,0,-1,486,0,0,21181.0,0.0,21181.0,21181.0,4.5034866E7,0.0,4.5034866E7,4.5034866E7,No Label
131.202.240.150-184.25.76.112-59374-80-6,131.202.240.150,59374,184.25.76.112,80,6,31/03/2015 02:07:05 PM,45077508,1,3,0.0,0.0,0.0,0.0,0.0,0.0,0.0,0.0,0.0,0.0,0.0,0.08873604991651268,1.5025836E7,2.598736469696843E7,4.503346E7,21477.0,0,0,0,0,0,4.5077508E7,2.2538754E7,3.1842691371474523E7,4.5054937E7,22571.0,0,0,0,0,32,96,0.02218401247912817,0.06655203743738451,0.0,0.0,0.0,0.0,0.0,0,0,0,0,1,0,0,0,3.0,0.0,0.0,0.0,0,0,0,0,0,0,1,0,3,0,-1,486,0,0,22571.0,0.0,22571.0,22571.0,4.503346E7,0.0,4.503346E7,4.503346E7,No Label
131.202.240.150-209.148.205.19-36188-80-6,131.202.240.150,36188,209.148.205.19,80,6,31/03/2015 02:07:05 PM,45078547,1,3,0.0,0.0,0.0,0.0,0.0,0.0,0.0,0.0,0.0,0.0,0.0,0.08873400466967137,1.5026182333333332E7,2.5988341289798748E7,4.5034934E7,21064.0,0,0,0,0,0,4.5078547E7,2.25392735E7,3.184555727525867E7,4.5057483E7,21064.0,0,0,0,0,32,96,0.02218350116741784,0.06655050350225353,0.0,0.0,0.0,0.0,0.0,0,0,0,0,1,0,0,0,3.0,0.0,0.0,0.0,0,0,0,0,0,0,1,0,3,0,-1,486,0,0,21064.0,0.0,21064.0,21064.0,4.5034934E7,0.0,4.5034934E7,4.5034934E7,No Label
131.202.240.150-184.24.147.8-37251-80-6,131.202.240.150,37251,184.24.147.8,80,6,31/03/2015 02:07:06 PM,45077248,1,3,0.0,0.0,0.0,0.0,0.0,0.0,0.0,0.0,0.0,0.0,0.0,0.08873656173509084,1.5025749333333332E7,2.59883776524418E7,4.5034543E7,21255.0,0,0,0,0,0,4.5077248E7,2.2538624E7,3.1844092857114833E7,4.5055798E7,21450.0,0,0,0,0,32,96,0.02218414043377271,0.06655242130131814,0.0,0.0,0.0,0.0,0.0,0,0,0,0,1,0,0,0,3.0,0.0,0.0,0.0,0,0,0,0,0,0,1,0,3,0,-1,486,0,0,21450.0,0.0,21450.0,21450.0,4.5034543E7,0.0,4.5034543E7,4.5034543E7,No Label
131.202.240.150-209.148.205.9-57912-80-6,131.202.240.150,57912,209.148.205.9,80,6,31/03/2015 02:07:10 PM,45077645,1,3,0.0,0.0,0.0,0.0,0.0,0.0,0.0,0.0,0.0,0.0,0.0,0.08873578022986783,1.5025881666666668E7,2.5988053470096778E7,4.5034301E7,21645.0,0,0,0,0,0,4.5077645E7,2.25388225E7,3.1844021439329933E7,4.5055946E7,21699.0,0,0,0,0,32,96,0.02218394505746696,0.06655183517240087,0.0,0.0,0.0,0.0,0.0,0,0,0,0,1,0,0,0,3.0,0.0,0.0,0.0,0,0,0,0,0,0,1,0,3,0,-1,687,0,0,21699.0,0.0,21699.0,21699.0,4.5034301E7,0.0,4.5034301E7,4.5034301E7,No Label
131.202.240.150-209.148.205.9-57918-80-6,131.202.240.150,57918,209.148.205.9,80,6,31/03/2015 02:07:10 PM,45077689,1,3,0.0,0.0,0.0,0.0,0.0,0.0,0.0,0.0,0.0,0.0,0.0,0.08873569361552675,1.5025896333333332E7,2.598810312223669E7,4.5034373E7,21618.0,0,0,0,0,0,4.5077689E7,2.25388445E7,3.1844167103326857E7,4.5056071E7,21618.0,0,0,0,0,32,96,0.022183923403881686,0.06655177021164506,0.0,0.0,0.0,0.0,0.0,0,0,0,0,1,0,0,0,3.0,0.0,0.0,0.0,0,0,0,0,0,0,1,0,3,0,-1,486,0,0,21618.0,0.0,21618.0,21618.0,4.5034373E7,0.0,4.5034373E7,4.5034373E7,No Label
131.202.240.150-209.148.205.9-57914-80-6,131.202.240.150,57914,209.148.205.9,80,6,31/03/2015 02:07:10 PM,45077683,1,3,0.0,0.0,0.0,0.0,0.0,0.0,0.0,0.0,0.0,0.0,0.0,0.0887357054265633,1.5025894333333332E7,2.598805202670882E7,4.5034312E7,21676.0,0,0,0,0,0,4.5077683E7,2.25388415E7,3.184405396624187E7,4.5055988E7,21695.0,0,0,0,0,32,96,0.022183926356640824,0.06655177906992248,0.0,0.0,0.0,0.0,0.0,0,0,0,0,1,0,0,0,3.0,0.0,0.0,0.0,0,0,0,0,0,0,1,0,3,0,-1,553,0,0,21695.0,0.0,21695.0,21695.0,4.5034312E7,0.0,4.5034312E7,4.5034312E7,No Label
131.202.240.150-209.148.205.9-57913-80-6,131.202.240.150,57913,209.148.205.9,80,6,31/03/2015 02:07:10 PM,45077646,1,3,0.0,0.0,0.0,0.0,0.0,0.0,0.0,0.0,0.0,0.0,0.0,0.08873577826135819,1.5025882E7,2.5988086090374354E7,4.5034339E7,21645.0,0,0,0,0,0,4.5077646E7,2.2538823E7,3.1844098513969082E7,4.5056001E7,21645.0,0,0,0,0,32,96,0.022183944565339547,0.06655183369601864,0.0,0.0,0.0,0.0,0.0,0,0,0,0,1,0,0,0,3.0,0.0,0.0,0.0,0,0,0,0,0,0,1,0,3,0,-1,620,0,0,21645.0,0.0,21645.0,21645.0,4.5034339E7,0.0,4.5034339E7,4.5034339E7,No Label
131.202.240.150-54.231.64.193-42258-80-6,131.202.240.150,42258,54.231.64.193,80,6,31/03/2015 02:07:18 PM,45110479,1,3,0.0,0.0,0.0,0.0,0.0,0.0,0.0,0.0,0.0,0.0,0.0,0.08867119322763121,1.5036826333333332E7,2.595005862631207E7,4.5001373E7,54483.0,0,0,0,0,0,4.5110479E7,2.25552395E7,3.182067701605584E7,4.5055856E7,54623.0,0,0,0,0,20,60,0.022167798306907804,0.06650339492072341,0.0,0.0,0.0,0.0,0.0,0,0,0,0,1,0,0,0,3.0,0.0,0.0,0.0,0,0,0,0,0,0,1,0,3,0,-1,127,0,0,54623.0,0.0,54623.0,54623.0,4.5001373E7,0.0,4.5001373E7,4.5001373E7,No Label
131.202.240.150-199.16.156.21-55139-443-6,131.202.240.150,55139,199.16.156.21,443,6,31/03/2015 02:07:18 PM,45203997,1,3,0.0,0.0,0.0,0.0,0.0,0.0,0.0,0.0,0.0,0.0,0.0,0.08848775031995511,1.5067999E7,2.596990134720136E7,4.5055458E7,72530.0,0,0,0,0,0,4.5203997E7,2.26019985E7,3.186147990575743E7,4.5131467E7,72530.0,0,0,0,0,20,60,0.022121937579988777,0.06636581273996633,0.0,0.0,0.0,0.0,0.0,0,0,0,0,1,0,0,0,3.0,0.0,0.0,0.0,0,0,0,0,0,0,1,0,3,0,-1,65535,0,0,72530.0,0.0,72530.0,72530.0,4.5055458E7,0.0,4.5055458E7,4.5055458E7,No Label
131.202.240.150-131.202.240.86-40273-49624-17,131.202.240.86,49624,131.202.240.150,40273,17,31/03/2015 02:07:50 PM,59999777,3047,3039,289043.0,320831.0,173.0,3.0,94.86150311782062,11.196208002833748,155.0,3.0,105.57124053965144,21.021309029625503,10164.604445113187,101.43371032862339,9860.275595727187,3666.5423660755055,20407.0,27.0,5.9979821E7,19691.33978988838,2097.1732556333195,30049.0,27.0,5.9989484E7,19746.3739302173,2521.8901516877913,30539.0,55.0,0,0,0,0,24376,24312,50.78352207875706,50.650188249866325,3.0,173.0,100.20979135863338,17.66351753003496,311.9998515338523,0,0,0,0,0,0,0,0,0.0,100.22625698324022,94.8615031178208,105.5712405396512,0,0,0,0,0,0,3047,289043,3039,320831,-1,-1,3047,0,0,0,0,0,0,0,0,0,No Label
131.202.240.150-173.194.123.105-41688-443-6,131.202.240.150,41688,173.194.123.105,443,6,31/03/2015 02:07:23 PM,45081071,1,3,0.0,0.0,0.0,0.0,0.0,0.0,0.0,0.0,0.0,0.0,0.0,0.08872903662825579,1.5027023666666668E7,2.5984014327635083E7,4.5030779E7,25103.0,0,0,0,0,0,4.5081071E7,2.25405355E7,3.1841508381829597E7,4.5055882E7,25189.0,0,0,0,0,32,96,0.022182259157063948,0.06654677747119184,0.0,0.0,0.0,0.0,0.0,0,0,0,0,1,0,0,0,3.0,0.0,0.0,0.0,0,0,0,0,0,0,1,0,3,0,-1,950,0,0,25189.0,0.0,25189.0,25189.0,4.5030779E7,0.0,4.5030779E7,4.5030779E7,No Label
131.202.240.150-64.233.171.188-39508-5228-6,131.202.240.150,39508,64.233.171.188,5228,6,31/03/2015 02:07:26 PM,45097297,1,3,0.0,0.0,0.0,0.0,0.0,0.0,0.0,0.0,0.0,0.0,0.0,0.0886971119355557,1.5032432333333332E7,2.596752552150444E7,4.5017148E7,38849.0,0,0,0,0,0,4.5097297E7,2.25486485E7,3.1833663739199113E7,4.5058448E7,38849.0,0,0,0,0,32,96,0.022174277983888924,0.06652283395166678,0.0,0.0,0.0,0.0,0.0,0,0,0,0,1,0,0,0,3.0,0.0,0.0,0.0,0,0,0,0,0,0,1,0,3,0,-1,366,0,0,38849.0,0.0,38849.0,38849.0,4.5017148E7,0.0,4.5017148E7,4.5017148E7,No Label
131.202.240.150-131.202.240.86-49876-49624-6,131.202.240.150,49876,131.202.240.86,49624,6,31/03/2015 02:06:49 PM,14784610,28,27,1289.0,2819.0,818.0,0.0,46.03571428571429,154.8582343671874,1179.0,0.0,104.4074074074074,272.83148634829513,277.8565007802032,3.7200846014876277,273789.074074074,1036298.1378124453,7592756.0,3.0,1.4578944E7,539960.8888888889,1498938.5500733852,7831555.0,63.0,1.478461E7,568638.8461538462,1454635.5685547825,7592756.0,66.0,0,1,0,0,992,864,1.8938612516664288,1.826223349821199,0.0,1179.0,74.0714285714286,218.7097584506883,47833.95844155842,0,0,0,1,1,0,0,0,0.0,75.41818181818182,46.035714285714285,104.4074074074074,0,0,0,0,0,0,28,1289,27,2819,-1,258,14,0,874932.0,0.0,874932.0,874932.0,7592756.0,0.0,7592756.0,7592756.0,No Label
131.202.240.150-23.49.81.120-49121-80-6,131.202.240.150,49121,23.49.81.120,80,6,31/03/2015 02:08:34 PM,32144073,1,2,0.0,0.0,0.0,0.0,0.0,0.0,0.0,0.0,0.0,0.0,0.0,0.09332980297798603,1.60720365E7,2.2698169395388264E7,3.2122066E7,22007.0,0,0,0,0,0,22007.0,22007.0,0.0,22007.0,22007.0,0,0,0,0,32,64,0.03110993432599534,0.06221986865199068,0.0,0.0,0.0,0.0,0.0,0,0,0,0,1,0,0,0,2.0,0.0,0.0,0.0,0,0,0,0,0,0,1,0,2,0,-1,553,0,0,0,0,0,0,0,0,0,0,No Label
131.202.240.150-23.49.91.178-41248-80-6,131.202.240.150,41248,23.49.91.178,80,6,31/03/2015 02:08:33 PM,32656212,1,2,0.0,0.0,0.0,0.0,0.0,0.0,0.0,0.0,0.0,0.0,0.0,0.09186613560690995,1.6328106E7,2.306137125801083E7,3.2634958E7,21254.0,0,0,0,0,0,21254.0,21254.0,0.0,21254.0,21254.0,0,0,0,0,32,64,0.03062204520230332,0.06124409040460664,0.0,0.0,0.0,0.0,0.0,0,0,0,0,1,0,0,0,2.0,0.0,0.0,0.0,0,0,0,0,0,0,1,0,2,0,-1,486,0,0,0,0,0,0,0,0,0,0,No Label
131.202.240.150-209.148.205.32-44854-80-6,131.202.240.150,44854,209.148.205.32,80,6,31/03/2015 02:08:35 PM,31120237,1,2,0.0,0.0,0.0,0.0,0.0,0.0,0.0,0.0,0.0,0.0,0.0,0.09640029412372406,1.55601185E7,2.1975216351235326E7,3.1098943E7,21294.0,0,0,0,0,0,21294.0,21294.0,0.0,21294.0,21294.0,0,0,0,0,32,64,0.03213343137457469,0.06426686274914938,0.0,0.0,0.0,0.0,0.0,0,0,0,0,1,0,0,0,2.0,0.0,0.0,0.0,0,0,0,0,0,0,1,0,2,0,-1,560,0,0,0,0,0,0,0,0,0,0,No Label
131.202.240.150-209.148.205.19-36188-80-6,131.202.240.150,36188,209.148.205.19,80,6,31/03/2015 02:08:35 PM,30736240,1,2,0.0,0.0,0.0,0.0,0.0,0.0,0.0,0.0,0.0,0.0,0.0,0.09760465170756086,1.536812E7,2.1700462233230703E7,3.0712664E7,23576.0,0,0,0,0,0,23576.0,23576.0,0.0,23576.0,23576.0,0,0,0,0,32,64,0.03253488390252028,0.06506976780504056,0.0,0.0,0.0,0.0,0.0,0,0,0,0,1,0,0,0,2.0,0.0,0.0,0.0,0,0,0,0,0,0,1,0,2,0,-1,486,0,0,0,0,0,0,0,0,0,0,No Label
131.202.240.150-184.25.76.112-59374-80-6,131.202.240.150,59374,184.25.76.112,80,6,31/03/2015 02:08:35 PM,30864316,1,2,0.0,0.0,0.0,0.0,0.0,0.0,0.0,0.0,0.0,0.0,0.0,0.09719962690895208,1.5432158E7,2.179388518116107E7,3.0842762E7,21554.0,0,0,0,0,0,21554.0,21554.0,0.0,21554.0,21554.0,0,0,0,0,32,64,0.03239987563631736,0.06479975127263472,0.0,0.0,0.0,0.0,0.0,0,0,0,0,1,0,0,0,2.0,0.0,0.0,0.0,0,0,0,0,0,0,1,0,2,0,-1,486,0,0,0,0,0,0,0,0,0,0,No Label
131.202.240.150-23.49.93.9-50790-80-6,131.202.240.150,50790,23.49.93.9,80,6,31/03/2015 02:08:34 PM,32144252,1,2,0.0,0.0,0.0,0.0,0.0,0.0,0.0,0.0,0.0,0.0,0.0,0.09332928325723677,1.6072126E7,2.2699240662161764E7,3.2122913E7,21339.0,0,0,0,0,0,21339.0,21339.0,0.0,21339.0,21339.0,0,0,0,0,32,64,0.031109761085745594,0.06221952217149119,0.0,0.0,0.0,0.0,0.0,0,0,0,0,1,0,0,0,2.0,0.0,0.0,0.0,0,0,0,0,0,0,1,0,2,0,-1,486,0,0,0,0,0,0,0,0,0,0,No Label
131.202.240.150-184.25.76.112-59373-80-6,131.202.240.150,59373,184.25.76.112,80,6,31/03/2015 02:08:35 PM,31120333,1,2,0.0,0.0,0.0,0.0,0.0,0.0,0.0,0.0,0.0,0.0,0.0,0.09639999674810679,1.55601665E7,2.1975322417252507E7,3.1099066E7,21267.0,0,0,0,0,0,21267.0,21267.0,0.0,21267.0,21267.0,0,0,0,0,32,64,0.03213333224936893,0.06426666449873786,0.0,0.0,0.0,0.0,0.0,0,0,0,0,1,0,0,0,2.0,0.0,0.0,0.0,0,0,0,0,0,0,1,0,2,0,-1,486,0,0,0,0,0,0,0,0,0,0,No Label
131.202.240.150-184.24.147.8-37251-80-6,131.202.240.150,37251,184.24.147.8,80,6,31/03/2015 02:08:36 PM,29712321,1,2,0.0,0.0,0.0,0.0,0.0,0.0,0.0,0.0,0.0,0.0,0.0,0.10096821449929812,1.48561605E7,2.0977873349070076E7,2.9689757E7,22564.0,0,0,0,0,0,22564.0,22564.0,0.0,22564.0,22564.0,0,0,0,0,32,64,0.033656071499766044,0.06731214299953209,0.0,0.0,0.0,0.0,0.0,0,0,0,0,1,0,0,0,2.0,0.0,0.0,0.0,0,0,0,0,0,0,1,0,2,0,-1,486,0,0,0,0,0,0,0,0,0,0,No Label
131.202.240.150-23.49.82.127-54806-80-6,131.202.240.150,54806,23.49.82.127,80,6,31/03/2015 02:08:35 PM,31120402,1,2,0.0,0.0,0.0,0.0,0.0,0.0,0.0,0.0,0.0,0.0,0.0,0.0963997830105151,1.5560201E7,2.197542070509509E7,3.109917E7,21232.0,0,0,0,0,0,21232.0,21232.0,0.0,21232.0,21232.0,0,0,0,0,32,64,0.03213326100350503,0.06426652200701007,0.0,0.0,0.0,0.0,0.0,0,0,0,0,1,0,0,0,2.0,0.0,0.0,0.0,0,0,0,0,0,0,1,0,2,0,-1,486,0,0,0,0,0,0,0,0,0,0,No Label
8.0.6.4-8.6.0.1-0-0-0,8.6.0.1,0,8.0.6.4,0,0,31/03/2015 02:08:00 PM,48849885,11,1,0.0,0.0,0.0,0.0,0.0,0.0,0.0,0.0,0.0,0.0,0.0,0.24565052711997173,4440898.636363637,8260857.082982314,2.1290091E7,21.0,4.8849649E7,4884964.9,8568198.075438907,2.1290091E7,21.0,0,0,0,0,0,0,0,0,0,0,0,0.22517964985997407,0.020470877259997643,0.0,0.0,0.0,0.0,0.0,0,0,0,0,0,0,0,0,0.0,0.0,0.0,0.0,0,0,0,0,0,0,11,0,1,0,-1,-1,0,0,2557762.0,412825.9094194549,2849674.0,2265850.0,2.10122055E7,392989.4428868287,2.1290091E7,2.073432E7,No Label
131.202.240.150-209.148.205.9-57912-80-6,131.202.240.150,57912,209.148.205.9,80,6,31/03/2015 02:08:40 PM,35745872,1,2,0.0,0.0,0.0,0.0,0.0,0.0,0.0,0.0,0.0,0.0,0.0,0.08392577470204113,1.7872936E7,2.5240360402216922E7,3.5720566E7,25306.0,0,0,0,0,0,25306.0,25306.0,0.0,25306.0,25306.0,0,0,0,0,32,64,0.027975258234013707,0.055950516468027414,0.0,0.0,0.0,0.0,0.0,0,0,0,0,1,0,0,0,2.0,0.0,0.0,0.0,0,0,0,0,0,0,1,0,2,0,-1,687,0,0,0,0,0,0,0,0,0,0,No Label
131.202.240.150-209.148.205.9-57913-80-6,131.202.240.150,57913,209.148.205.9,80,6,31/03/2015 02:08:40 PM,35745888,1,2,0.0,0.0,0.0,0.0,0.0,0.0,0.0,0.0,0.0,0.0,0.0,0.08392573713653441,1.7872944E7,2.524039575755598E7,3.5720599E7,25289.0,0,0,0,0,0,25289.0,25289.0,0.0,25289.0,25289.0,0,0,0,0,32,64,0.02797524571217814,0.05595049142435628,0.0,0.0,0.0,0.0,0.0,0,0,0,0,1,0,0,0,2.0,0.0,0.0,0.0,0,0,0,0,0,0,1,0,2,0,-1,620,0,0,0,0,0,0,0,0,0,0,No Label
131.202.240.150-209.148.205.9-57914-80-6,131.202.240.150,57914,209.148.205.9,80,6,31/03/2015 02:08:40 PM,35745925,1,2,0.0,0.0,0.0,0.0,0.0,0.0,0.0,0.0,0.0,0.0,0.0,0.08392565026642897,1.78729625E7,2.524040494994414E7,3.5720624E7,25301.0,0,0,0,0,0,25301.0,25301.0,0.0,25301.0,25301.0,0,0,0,0,32,64,0.027975216755476325,0.05595043351095265,0.0,0.0,0.0,0.0,0.0,0,0,0,0,1,0,0,0,2.0,0.0,0.0,0.0,0,0,0,0,0,0,1,0,2,0,-1,553,0,0,0,0,0,0,0,0,0,0,No Label
131.202.240.150-209.148.205.9-57918-80-6,131.202.240.150,57918,209.148.205.9,80,6,31/03/2015 02:08:40 PM,35745952,1,2,0.0,0.0,0.0,0.0,0.0,0.0,0.0,0.0,0.0,0.0,0.0,0.08392558687484389,1.7872976E7,2.5240456568739165E7,3.5720674E7,25278.0,0,0,0,0,0,25278.0,25278.0,0.0,25278.0,25278.0,0,0,0,0,32,64,0.027975195624947963,0.055950391249895925,0.0,0.0,0.0,0.0,0.0,0,0,0,0,1,0,0,0,2.0,0.0,0.0,0.0,0,0,0,0,0,0,1,0,2,0,-1,486,0,0,0,0,0,0,0,0,0,0,No Label
131.202.240.150-134.170.19.108-33309-443-6,131.202.240.150,33309,134.170.19.108,443,6,31/03/2015 02:06:47 PM,30099312,5,5,645.0,3097.0,645.0,0.0,129.0,288.45276909747287,677.0,549.0,619.4,65.58048490214144,124.32177851772825,0.33223350753000597,3344368.0,9908562.31186104,2.9766605E7,48.0,3.0012443E7,7503110.749999999,1.4842572222544814E7,2.9766605E7,225.0,3.009925E7,7524812.5,1.4859160372082705E7,2.9813219E7,263.0,0,1,0,0,160,160,0.16611675376500298,0.16611675376500298,0.0,677.0,398.8181818181818,319.0485286541275,101791.96363636362,0,0,0,1,1,0,0,0,1.0,438.7,129.0,619.4,0,0,0,0,0,0,5,645,5,3097,-1,62934,1,0,87094.0,0.0,87094.0,87094.0,2.9766605E7,0.0,2.9766605E7,2.9766605E7,No Label
131.202.240.150-157.55.56.157-48885-40008-6,131.202.240.150,48885,157.55.56.157,40008,6,31/03/2015 02:08:22 PM,36818016,4,6,9.0,1002.0,9.0,0.0,2.25,4.5,884.0,0.0,167.0,353.9078976230963,27.459382928183853,0.27160616150528044,4090890.6666666665,1.219150062780897E7,3.6601463E7,32.0,3.6648103E7,1.2216034333333332E7,2.1118478132313807E7,3.6601538E7,330.0,3.6818016E7,7363603.2,1.6366776844846627E7,3.6641335E7,32.0,0,1,0,0,128,192,0.10864246460211219,0.16296369690316828,0.0,884.0,172.27272727272728,353.36499286406143,124866.81818181819,0,0,0,1,1,0,0,0,1.0,189.5,2.25,167.0,0,0,0,0,0,0,4,9,6,1002,-1,83,1,0,86049.0,0.0,86049.0,86049.0,3.6601463E7,0.0,3.6601463E7,3.6601463E7,No Label
131.202.240.150-23.45.35.126-38688-443-6,131.202.240.150,38688,23.45.35.126,443,6,31/03/2015 02:08:16 PM,45086258,1,3,0.0,0.0,0.0,0.0,0.0,0.0,0.0,0.0,0.0,0.0,0.0,0.08871882869498728,1.5028752666666668E7,2.5964359015180968E7,4.5009812E7,38136.0,0,0,0,0,0,4.5086258E7,2.2543129E7,3.1826866321711566E7,4.5048122E7,38136.0,0,0,0,0,32,96,0.02217970717374682,0.06653912152124046,0.0,0.0,0.0,0.0,0.0,0,0,0,0,1,0,0,0,3.0,0.0,0.0,0.0,0,0,0,0,0,0,1,0,3,0,-1,1314,0,0,38136.0,0.0,38136.0,38136.0,4.5009812E7,0.0,4.5009812E7,4.5009812E7,No Label
131.202.240.150-23.45.35.126-38688-443-6,131.202.240.150,38688,23.45.35.126,443,6,31/03/2015 02:09:32 PM,40059,1,3,0.0,53.0,0.0,0.0,0.0,0.0,53.0,0.0,17.666666666666664,30.599564267050166,1323.0485034574003,99.85271724206795,13353.0,23043.233648947797,39961.0,12.0,0,0,0,0,0,40059.0,20029.5,28187.397618439343,39961.0,98.0,0,0,0,0,20,96,24.96317931051699,74.88953793155096,0.0,53.0,10.6,23.70232056149777,561.8,1,0,0,0,1,0,0,0,3.0,13.25,0.0,17.666666666666668,0,0,0,0,0,0,1,0,3,53,-1,1314,0,0,0,0,0,0,0,0,0,0,No Label
131.202.240.150-209.148.205.40-35387-80-6,131.202.240.150,35387,209.148.205.40,80,6,31/03/2015 02:08:16 PM,45079349,1,3,0.0,0.0,0.0,0.0,0.0,0.0,0.0,0.0,0.0,0.0,0.0,0.08873242601617871,1.5026449666666668E7,2.5986231352689296E7,4.5032765E7,23238.0,0,0,0,0,0,4.5079349E7,2.25396745E7,3.1843049874612585E7,4.5056111E7,23238.0,0,0,0,0,32,96,0.02218310650404468,0.06654931951213404,0.0,0.0,0.0,0.0,0.0,0,0,0,0,1,0,0,0,3.0,0.0,0.0,0.0,0,0,0,0,0,0,1,0,3,0,-1,1320,0,0,23238.0,0.0,23238.0,23238.0,4.5032765E7,0.0,4.5032765E7,4.5032765E7,No Label
131.202.240.150-208.71.121.194-56911-80-6,131.202.240.150,56911,208.71.121.194,80,6,31/03/2015 02:08:16 PM,45120354,1,3,0.0,0.0,0.0,0.0,0.0,0.0,0.0,0.0,0.0,0.0,0.0,0.08865178673021937,1.5040118E7,2.594543260777933E7,4.4999323E7,60340.0,0,0,0,0,0,4.5120354E7,2.2560177E7,3.1819078247623578E7,4.5059663E7,60691.0,0,0,0,0,20,60,0.022162946682554842,0.06648884004766452,0.0,0.0,0.0,0.0,0.0,0,0,0,0,1,0,0,0,3.0,0.0,0.0,0.0,0,0,0,0,0,0,1,0,3,0,-1,8190,0,0,60691.0,0.0,60691.0,60691.0,4.4999323E7,0.0,4.4999323E7,4.4999323E7,No Label
131.202.240.150-50.31.164.175-44341-80-6,131.202.240.150,44341,50.31.164.175,80,6,31/03/2015 02:08:17 PM,45096599,1,3,0.0,0.0,0.0,0.0,0.0,0.0,0.0,0.0,0.0,0.0,0.0,0.08869848477930675,1.5032199666666668E7,2.5965411240647744E7,4.5014474E7,40566.0,0,0,0,0,0,4.5096599E7,2.25482995E7,3.1829337659911815E7,4.505504E7,41559.0,0,0,0,0,32,96,0.022174621194826688,0.06652386358448006,0.0,0.0,0.0,0.0,0.0,0,0,0,0,1,0,0,0,3.0,0.0,0.0,0.0,0,0,0,0,0,0,1,0,3,0,-1,6562,0,0,41559.0,0.0,41559.0,41559.0,4.5014474E7,0.0,4.5014474E7,4.5014474E7,No Label
131.202.240.150-208.71.122.72-46942-80-6,131.202.240.150,46942,208.71.122.72,80,6,31/03/2015 02:08:16 PM,45116261,1,3,0.0,0.0,0.0,0.0,0.0,0.0,0.0,0.0,0.0,0.0,0.0,0.08865982932406566,1.5038753666666668E7,2.5944129530174688E7,4.4996454E7,59540.0,0,0,0,0,0,4.5116261E7,2.25581305E7,3.1817811819378473E7,4.5056721E7,59540.0,0,0,0,0,20,60,0.022164957331016415,0.06649487199304925,0.0,0.0,0.0,0.0,0.0,0,0,0,0,1,0,0,0,3.0,0.0,0.0,0.0,0,0,0,0,0,0,1,0,3,0,-1,8190,0,0,59540.0,0.0,59540.0,59540.0,4.4996454E7,0.0,4.4996454E7,4.4996454E7,No Label
131.202.240.150-23.45.42.52-50458-80-6,131.202.240.150,50458,23.45.42.52,80,6,31/03/2015 02:08:16 PM,45073921,1,3,0.0,0.0,0.0,0.0,0.0,0.0,0.0,0.0,0.0,0.0,0.0,0.08874311156555473,1.5024640333333332E7,2.5957625956328623E7,4.4997925E7,37915.0,0,0,0,0,0,4.5073921E7,2.25369605E7,3.1818220527098E7,4.503584E7,38081.0,0,0,0,0,32,96,0.022185777891388682,0.06655733367416605,0.0,0.0,0.0,0.0,0.0,0,0,0,0,1,0,0,0,3.0,0.0,0.0,0.0,0,0,0,0,0,0,1,0,3,0,-1,724,0,0,38081.0,0.0,38081.0,38081.0,4.4997925E7,0.0,4.4997925E7,4.4997925E7,No Label
131.202.240.150-23.45.42.52-50456-80-6,131.202.240.150,50456,23.45.42.52,80,6,31/03/2015 02:08:16 PM,45074374,1,3,0.0,0.0,0.0,0.0,0.0,0.0,0.0,0.0,0.0,0.0,0.0,0.08874221969228015,1.5024791333333332E7,2.5957839866664723E7,4.4998323E7,37688.0,0,0,0,0,0,4.5074374E7,2.2537187E7,3.181909663239989E7,4.5036686E7,37688.0,0,0,0,0,32,96,0.022185554923070037,0.06655666476921011,0.0,0.0,0.0,0.0,0.0,0,0,0,0,1,0,0,0,3.0,0.0,0.0,0.0,0,0,0,0,0,0,1,0,3,0,-1,996,0,0,37688.0,0.0,37688.0,37688.0,4.4998323E7,0.0,4.4998323E7,4.4998323E7,No Label
131.202.240.150-23.45.42.52-50460-80-6,131.202.240.150,50460,23.45.42.52,80,6,31/03/2015 02:08:16 PM,45074142,1,3,0.0,0.0,0.0,0.0,0.0,0.0,0.0,0.0,0.0,0.0,0.0,0.08874267645516136,1.5024714E7,2.5956534193051584E7,4.4996738E7,38134.0,0,0,0,0,0,4.5074142E7,2.2537071E7,3.181669529777098E7,4.5034872E7,39270.0,0,0,0,0,32,96,0.02218566911379034,0.06655700734137102,0.0,0.0,0.0,0.0,0.0,0,0,0,0,1,0,0,0,3.0,0.0,0.0,0.0,0,0,0,0,0,0,1,0,3,0,-1,996,0,0,39270.0,0.0,39270.0,39270.0,4.4996738E7,0.0,4.4996738E7,4.4996738E7,No Label
131.202.240.150-209.148.205.11-40322-80-6,131.202.240.150,40322,209.148.205.11,80,6,31/03/2015 02:08:17 PM,45078192,1,3,0.0,0.0,0.0,0.0,0.0,0.0,0.0,0.0,0.0,0.0,0.0,0.08873470346814265,1.5026064E7,2.598760111620611E7,4.5033961E7,22060.0,0,0,0,0,0,4.5078192E7,2.2539096E7,3.1843897695643228E7,4.5056132E7,22060.0,0,0,0,0,32,96,0.022183675867035662,0.06655102760110698,0.0,0.0,0.0,0.0,0.0,0,0,0,0,1,0,0,0,3.0,0.0,0.0,0.0,0,0,0,0,0,0,1,0,3,0,-1,486,0,0,22060.0,0.0,22060.0,22060.0,4.5033961E7,0.0,4.5033961E7,4.5033961E7,No Label
131.202.240.150-209.148.205.11-40322-80-6,131.202.240.150,40322,209.148.205.11,80,6,31/03/2015 02:09:36 PM,30663,0,2,0.0,0.0,0,0,0,0,0.0,0.0,0.0,0.0,0.0,65.22518996836578,30663.0,0.0,30663.0,30663.0,0,0,0,0,0,30663.0,30663.0,0.0,30663.0,30663.0,0,0,0,0,0,64,0.0,65.22518996836578,0.0,0.0,0.0,0.0,0.0,1,0,0,0,1,0,0,0,0.0,0.0,0.0,0.0,0,0,0,0,0,0,0,0,2,0,-1,486,0,0,0,0,0,0,0,0,0,0,No Label
131.202.240.150-209.148.205.40-35387-80-6,131.202.240.150,35387,209.148.205.40,80,6,31/03/2015 02:09:36 PM,31015,0,2,0.0,0.0,0,0,0,0,0.0,0.0,0.0,0.0,0.0,64.48492664839594,31015.0,0.0,31015.0,31015.0,0,0,0,0,0,31015.0,31015.0,0.0,31015.0,31015.0,0,0,0,0,0,64,0.0,64.48492664839594,0.0,0.0,0.0,0.0,0.0,1,0,0,0,1,0,0,0,0.0,0.0,0.0,0.0,0,0,0,0,0,0,0,0,2,0,-1,1320,0,0,0,0,0,0,0,0,0,0,No Label
131.202.240.150-50.31.164.175-44341-80-6,131.202.240.150,44341,50.31.164.175,80,6,31/03/2015 02:09:36 PM,46957,0,3,0.0,0.0,0,0,0,0,0.0,0.0,0.0,0.0,0.0,63.88823817535192,23478.5,33093.30446631161,46879.0,78.0,0,0,0,0,0,46957.0,23478.5,33093.30446631161,46879.0,78.0,0,0,0,0,0,96,0.0,63.88823817535192,0.0,0.0,0.0,0.0,0.0,1,0,0,0,1,0,0,0,0.0,0.0,0.0,0.0,0,0,0,0,0,0,0,0,3,0,-1,6562,0,0,0,0,0,0,0,0,0,0,No Label
131.202.240.150-23.45.42.52-50460-80-6,131.202.240.150,50460,23.45.42.52,80,6,31/03/2015 02:09:36 PM,50234,0,2,0.0,0.0,0,0,0,0,0.0,0.0,0.0,0.0,0.0,39.81367201496994,50234.0,0.0,50234.0,50234.0,0,0,0,0,0,50234.0,50234.0,0.0,50234.0,50234.0,0,0,0,0,0,64,0.0,39.81367201496994,0.0,0.0,0.0,0.0,0.0,1,0,0,0,1,0,0,0,0.0,0.0,0.0,0.0,0,0,0,0,0,0,0,0,2,0,-1,996,0,0,0,0,0,0,0,0,0,0,No Label
131.202.240.150-23.45.42.52-50458-80-6,131.202.240.150,50458,23.45.42.52,80,6,31/03/2015 02:09:36 PM,50365,0,2,0.0,0.0,0,0,0,0,0.0,0.0,0.0,0.0,0.0,39.710116152089746,50365.0,0.0,50365.0,50365.0,0,0,0,0,0,50365.0,50365.0,0.0,50365.0,50365.0,0,0,0,0,0,64,0.0,39.710116152089746,0.0,0.0,0.0,0.0,0.0,1,0,0,0,1,0,0,0,0.0,0.0,0.0,0.0,0,0,0,0,0,0,0,0,2,0,-1,724,0,0,0,0,0,0,0,0,0,0,No Label
131.202.240.150-23.45.42.52-50456-80-6,131.202.240.150,50456,23.45.42.52,80,6,31/03/2015 02:09:36 PM,52988,0,2,0.0,0.0,0,0,0,0,0.0,0.0,0.0,0.0,0.0,37.74439495734883,52988.0,0.0,52988.0,52988.0,0,0,0,0,0,52988.0,52988.0,0.0,52988.0,52988.0,0,0,0,0,0,64,0.0,37.74439495734883,0.0,0.0,0.0,0.0,0.0,1,0,0,0,1,0,0,0,0.0,0.0,0.0,0.0,0,0,0,0,0,0,0,0,2,0,-1,996,0,0,0,0,0,0,0,0,0,0,No Label
131.202.240.150-208.71.122.72-46942-80-6,131.202.240.150,46942,208.71.122.72,80,6,31/03/2015 02:09:36 PM,61817,0,2,0.0,0.0,0,0,0,0,0.0,0.0,0.0,0.0,0.0,32.35355970040604,61817.0,0.0,61817.0,61817.0,0,0,0,0,0,61817.0,61817.0,0.0,61817.0,61817.0,0,0,0,0,0,40,0.0,32.35355970040604,0.0,0.0,0.0,0.0,0.0,1,0,0,0,1,0,0,0,0.0,0.0,0.0,0.0,0,0,0,0,0,0,0,0,2,0,-1,8190,0,0,0,0,0,0,0,0,0,0,No Label
131.202.240.150-208.71.121.194-56911-80-6,131.202.240.150,56911,208.71.121.194,80,6,31/03/2015 02:09:36 PM,61998,0,2,0.0,0.0,0,0,0,0,0.0,0.0,0.0,0.0,0.0,32.25910513242363,61998.0,0.0,61998.0,61998.0,0,0,0,0,0,61998.0,61998.0,0.0,61998.0,61998.0,0,0,0,0,0,40,0.0,32.25910513242363,0.0,0.0,0.0,0.0,0.0,1,0,0,0,1,0,0,0,0.0,0.0,0.0,0.0,0,0,0,0,0,0,0,0,2,0,-1,8190,0,0,0,0,0,0,0,0,0,0,No Label
131.202.240.150-131.202.240.86-40273-49624-17,131.202.240.86,49624,131.202.240.150,40273,17,31/03/2015 02:08:50 PM,59994924,3042,3043,325339.0,308576.0,186.0,3.0,106.94904667981602,22.60026148556339,154.0,3.0,101.40519224449545,22.417321232552247,10566.143895773583,101.4252472425834,9861.098619329397,3278.647050056983,17591.0,21.0,5.9978839E7,19723.393291680335,1926.2311547989632,22004.0,53.0,5.9994924E7,19722.197238658802,2523.31510411443,29130.0,111.0,0,0,0,0,24336,24344,50.70428958289872,50.72095765968468,3.0,186.0,104.17170555372968,22.67862562913987,514.3200604266797,0,0,0,0,0,0,0,0,1.0,104.18882497945768,106.94904667981591,101.40519224449557,0,0,0,0,0,0,3042,325339,3043,308576,-1,-1,3042,0,0,0,0,0,0,0,0,0,No Label
131.202.240.150-209.148.205.11-40321-80-6,131.202.240.150,40321,209.148.205.11,80,6,31/03/2015 02:08:23 PM,45077423,1,3,0.0,0.0,0.0,0.0,0.0,0.0,0.0,0.0,0.0,0.0,0.0,0.08873621724116748,1.5025807666666668E7,2.598855922935724E7,4.5034811E7,21155.0,0,0,0,0,0,4.5077423E7,2.25387115E7,3.184463379380244E7,4.5056268E7,21155.0,0,0,0,0,32,96,0.02218405431029187,0.06655216293087561,0.0,0.0,0.0,0.0,0.0,0,0,0,0,1,0,0,0,3.0,0.0,0.0,0.0,0,0,0,0,0,0,1,0,3,0,-1,587,0,0,21155.0,0.0,21155.0,21155.0,4.5034811E7,0.0,4.5034811E7,4.5034811E7,No Label
131.202.240.150-209.148.205.17-55268-80-6,131.202.240.150,55268,209.148.205.17,80,6,31/03/2015 02:08:32 PM,45086460,1,3,0.0,0.0,0.0,0.0,0.0,0.0,0.0,0.0,0.0,0.0,0.0,0.0887184312097246,1.502882E7,2.5985928365136217E7,4.5034785E7,21221.0,0,0,0,0,0,4.508646E7,2.254323E7,3.1850930579688907E7,4.5065239E7,21221.0,0,0,0,0,32,96,0.02217960780243115,0.06653882340729345,0.0,0.0,0.0,0.0,0.0,0,0,0,0,1,0,0,0,3.0,0.0,0.0,0.0,0,0,0,0,0,0,1,0,3,0,-1,520,0,0,21221.0,0.0,21221.0,21221.0,4.5034785E7,0.0,4.5034785E7,4.5034785E7,No Label
131.202.240.150-54.231.64.193-42258-80-6,131.202.240.150,42258,54.231.64.193,80,6,31/03/2015 02:08:48 PM,45110682,1,3,0.0,0.0,0.0,0.0,0.0,0.0,0.0,0.0,0.0,0.0,0.0,0.08867079420346605,1.5036894E7,2.594990909259782E7,4.5001268E7,54635.0,0,0,0,0,0,4.5110682E7,2.2555341E7,3.1820599941416692E7,4.5055903E7,54779.0,0,0,0,0,20,60,0.02216769855086651,0.06650309565259954,0.0,0.0,0.0,0.0,0.0,0,0,0,0,1,0,0,0,3.0,0.0,0.0,0.0,0,0,0,0,0,0,1,0,3,0,-1,127,0,0,54779.0,0.0,54779.0,54779.0,4.5001268E7,0.0,4.5001268E7,4.5001268E7,No Label
131.202.240.150-54.231.64.193-42258-80-6,131.202.240.150,42258,54.231.64.193,80,6,31/03/2015 02:10:06 PM,55139,0,2,0.0,0.0,0,0,0,0,0.0,0.0,0.0,0.0,0.0,36.27196721014164,55139.0,0.0,55139.0,55139.0,0,0,0,0,0,55139.0,55139.0,0.0,55139.0,55139.0,0,0,0,0,0,40,0.0,36.27196721014164,0.0,0.0,0.0,0.0,0.0,1,0,0,0,1,0,0,0,0.0,0.0,0.0,0.0,0,0,0,0,0,0,0,0,2,0,-1,127,0,0,0,0,0,0,0,0,0,0,No Label
8.0.6.4-8.6.0.1-0-0-0,8.6.0.1,0,8.0.6.4,0,0,31/03/2015 02:09:12 PM,46000151,11,1,0.0,0.0,0.0,0.0,0.0,0.0,0.0,0.0,0.0,0.0,0.0,0.2608687088874991,4181831.909090909,6054462.503245989,1.6310911E7,21.0,4.6000113E7,4600011.3,6212255.107663277,1.6310911E7,21.0,0,0,0,0,0,0,0,0,0,0,0,0.23912964981354082,0.021739059073958258,0.0,0.0,0.0,0.0,0.0,0,0,0,0,0,0,0,0,0.0,0.0,0.0,0.0,0,0,0,0,0,0,11,0,1,0,-1,-1,0,0,647017.25,1293680.5041357456,2587538.0,38.0,1.0853015E7,5198822.293476796,1.6310911E7,6136846.0,No Label
131.202.240.150-199.16.156.21-55139-443-6,131.202.240.150,55139,199.16.156.21,443,6,31/03/2015 02:08:48 PM,45237953,1,3,0.0,0.0,0.0,0.0,0.0,0.0,0.0,0.0,0.0,0.0,0.0,0.08842133064685752,1.5079317666666668E7,2.5989784655239303E7,4.5089736E7,73969.0,0,0,0,0,0,4.5237953E7,2.26189765E7,3.1883060804719243E7,4.5163705E7,74248.0,0,0,0,0,20,60,0.02210533266171438,0.06631599798514315,0.0,0.0,0.0,0.0,0.0,0,0,0,0,1,0,0,0,3.0,0.0,0.0,0.0,0,0,0,0,0,0,1,0,3,0,-1,65535,0,0,74248.0,0.0,74248.0,74248.0,4.5089736E7,0.0,4.5089736E7,4.5089736E7,No Label
131.202.240.150-157.55.56.157-48885-40008-6,131.202.240.150,48885,157.55.56.157,40008,6,31/03/2015 02:09:22 PM,128855,2,4,884.0,6.0,884.0,0.0,442.0,625.0823945689081,4.0,0.0,1.5,1.914854215512676,6906.988475418106,46.5639672500097,25771.0,23604.121430377367,45797.0,82.0,83029.0,83029.0,0.0,83029.0,83029.0,91986.0,30662.0,26239.790528889516,45879.0,363.0,0,1,0,0,64,128,15.5213224166699,31.0426448333398,0.0,884.0,127.42857142857142,333.6199719955112,111302.28571428568,0,0,0,1,1,0,0,0,2.0,148.66666666666666,442.0,1.5,0,0,0,0,0,0,2,884,4,6,-1,83,1,0,0,0,0,0,0,0,0,0,No Label
131.202.240.150-173.194.123.105-41688-443-6,131.202.240.150,41688,173.194.123.105,443,6,31/03/2015 02:08:53 PM,45081217,1,3,0.0,0.0,0.0,0.0,0.0,0.0,0.0,0.0,0.0,0.0,0.0,0.08872874927045558,1.5027072333333332E7,2.598400942013473E7,4.5030822E7,25172.0,0,0,0,0,0,4.5081217E7,2.25406085E7,3.184163566105021E7,4.5056045E7,25172.0,0,0,0,0,32,96,0.022182187317613896,0.06654656195284168,0.0,0.0,0.0,0.0,0.0,0,0,0,0,1,0,0,0,3.0,0.0,0.0,0.0,0,0,0,0,0,0,1,0,3,0,-1,950,0,0,25172.0,0.0,25172.0,25172.0,4.5030822E7,0.0,4.5030822E7,4.5030822E7,No Label
131.202.240.150-64.233.171.188-39508-5228-6,131.202.240.150,39508,64.233.171.188,5228,6,31/03/2015 02:08:56 PM,45094598,1,3,0.0,0.0,0.0,0.0,0.0,0.0,0.0,0.0,0.0,0.0,0.0,0.08870242063140246,1.5031532666666668E7,2.5968411147950586E7,4.5017271E7,38612.0,0,0,0,0,0,4.5094598E7,2.2547299E7,3.183194476261405E7,4.5055883E7,38715.0,0,0,0,0,32,96,0.022175605157850616,0.06652681547355184,0.0,0.0,0.0,0.0,0.0,0,0,0,0,1,0,0,0,3.0,0.0,0.0,0.0,0,0,0,0,0,0,1,0,3,0,-1,366,0,0,38715.0,0.0,38715.0,38715.0,4.5017271E7,0.0,4.5017271E7,4.5017271E7,No Label
131.202.240.150-131.202.243.255-138-138-17,131.202.240.150,138,131.202.243.255,138,17,31/03/2015 02:07:50 PM,1889170,1,1,191.0,191.0,191.0,191.0,191.0,0.0,191.0,191.0,191.0,0.0,202.20520122593518,1.0586659750048963,1889170.0,0.0,1889170.0,1889170.0,0,0,0,0,0,0,0,0,0,0,0,0,0,0,8,8,0.5293329875024482,0.5293329875024482,191.0,191.0,191.0,0.0,0.0,0,0,0,0,0,0,0,0,1.0,286.5,191.0,191.0,0,0,0,0,0,0,1,191,1,191,-1,-1,1,0,0,0,0,0,0,0,0,0,No Label
131.202.240.150-209.148.205.17-55268-80-6,131.202.240.150,55268,209.148.205.17,80,6,31/03/2015 02:10:02 PM,33723375,1,2,0.0,0.0,0.0,0.0,0.0,0.0,0.0,0.0,0.0,0.0,0.0,0.08895906770897041,1.68616875E7,2.3811571247763228E7,3.3699011E7,24364.0,0,0,0,0,0,24364.0,24364.0,0.0,24364.0,24364.0,0,0,0,0,32,64,0.029653022569656805,0.05930604513931361,0.0,0.0,0.0,0.0,0.0,0,0,0,0,1,0,0,0,2.0,0.0,0.0,0.0,0,0,0,0,0,0,1,0,2,0,-1,520,0,0,0,0,0,0,0,0,0,0,No Label
131.202.240.150-173.194.123.105-41688-443-6,131.202.240.150,41688,173.194.123.105,443,6,31/03/2015 02:10:24 PM,14710719,0,4,0.0,63.0,0,0,0,0,63.0,0.0,15.75,31.5,4.282591489919698,0.27191057078855224,4903573.0,8471453.288898015,1.4685554E7,68.0,0,0,0,0,0,1.4710719E7,4903573.0,8471453.288898015,1.4685554E7,68.0,0,0,0,0,0,128,0.0,0.27191057078855224,0.0,63.0,12.6,28.17445651649735,793.8,0,0,0,0,1,0,0,0,0.0,15.75,0.0,15.75,0,0,0,0,0,0,0,0,4,63,-1,950,0,0,25097.0,0.0,25097.0,25097.0,1.4685554E7,0.0,1.4685554E7,1.4685554E7,No Label
131.202.240.150-131.202.240.86-40273-49624-17,131.202.240.86,49624,131.202.240.150,40273,17,31/03/2015 02:09:50 PM,59999856,3045,3054,299186.0,334180.0,180.0,3.0,98.25484400656815,10.998779066319376,159.0,3.0,109.42370661427631,18.128808362484016,10556.125334700802,101.6502439605855,9839.267956707088,3192.646315366546,17104.0,1.0,5.9978706E7,19703.911300919895,2049.423617187346,21910.0,8.0,5.9985081E7,19647.91385522439,2684.640624591258,28502.0,96.0,0,0,0,0,24360,24432,50.75012180029232,50.900122160293186,3.0,180.0,103.8460655737707,16.002861153704163,256.0915651047337,0,0,0,0,0,0,0,0,1.0,103.8630923102148,98.25484400656815,109.42370661427636,0,0,0,0,0,0,3045,299186,3054,334180,-1,-1,3045,0,0,0,0,0,0,0,0,0,No Label
131.202.240.150-173.194.123.111-51532-443-6,131.202.240.150,51532,173.194.123.111,443,6,31/03/2015 02:09:31 PM,45139140,11,10,887.0,289.0,517.0,0.0,80.63636363636364,154.67725930289348,153.0,0.0,28.900000000000002,48.763488162535886,26.052778143314207,0.4652281811306108,2256957.0,1.005597361585541E7,4.498003E7,43.0,4.5082216E7,4508221.6,1.4220351196905738E7,4.498003E7,195.0,4.513914E7,5015460.0,1.5002614801386558E7,4.5022417E7,54.0,0,0,0,0,352,336,0.24369095202079616,0.2215372291098147,0.0,517.0,53.45454545454545,114.9876710876627,13222.164502164502,0,1,0,0,0,0,0,0,0.0,56.0,80.63636363636364,28.9,0,0,0,0,0,0,11,887,10,289,-1,350,6,0,133956.0,0.0,133956.0,133956.0,4.498003E7,0.0,4.498003E7,4.498003E7,No Label
131.202.240.150-131.202.240.86-49876-49624-6,131.202.240.150,49876,131.202.240.86,49624,6,31/03/2015 02:09:04 PM,329903,2,2,2.0,2.0,2.0,0.0,1.0,1.4142135623730951,2.0,0.0,1.0,1.4142135623730951,12.124776070541946,12.124776070541946,109967.66666666666,103038.92505424022,204420.0,83.0,125400.0,125400.0,0.0,125400.0,125400.0,329903.0,329903.0,0.0,329903.0,329903.0,0,1,0,0,64,64,6.062388035270973,6.062388035270973,0.0,2.0,1.2,1.0954451150103321,1.1999999999999997,0,0,0,1,1,0,0,0,1.0,1.5,1.0,1.0,0,0,0,0,0,0,2,2,2,2,-1,258,1,0,0,0,0,0,0,0,0,0,No Label
131.202.240.150-209.148.205.11-40321-80-6,131.202.240.150,40321,209.148.205.11,80,6,31/03/2015 02:09:53 PM,45077615,1,3,0.0,0.0,0.0,0.0,0.0,0.0,0.0,0.0,0.0,0.0,0.0,0.08873583928519732,1.5025871666666668E7,2.5988585211062513E7,4.5034905E7,21087.0,0,0,0,0,0,4.5077615E7,2.25388075E7,3.184486572482667E7,4.5056528E7,21087.0,0,0,0,0,32,96,0.02218395982129933,0.06655187946389798,0.0,0.0,0.0,0.0,0.0,0,0,0,0,1,0,0,0,3.0,0.0,0.0,0.0,0,0,0,0,0,0,1,0,3,0,-1,587,0,0,21087.0,0.0,21087.0,21087.0,4.5034905E7,0.0,4.5034905E7,4.5034905E7,No Label
131.202.240.150-209.148.205.11-40321-80-6,131.202.240.150,40321,209.148.205.11,80,6,31/03/2015 02:11:16 PM,21104,0,2,0.0,0.0,0,0,0,0,0.0,0.0,0.0,0.0,0.0,94.76876421531463,21104.0,0.0,21104.0,21104.0,0,0,0,0,0,21104.0,21104.0,0.0,21104.0,21104.0,0,0,0,0,0,64,0.0,94.76876421531463,0.0,0.0,0.0,0.0,0.0,1,0,0,0,1,0,0,0,0.0,0.0,0.0,0.0,0,0,0,0,0,0,0,0,2,0,-1,587,0,0,0,0,0,0,0,0,0,0,No Label
131.202.240.150-134.170.19.108-33309-443-6,131.202.240.150,33309,134.170.19.108,443,6,31/03/2015 02:09:17 PM,55,1,1,0.0,1.0,0.0,0.0,0.0,0.0,1.0,1.0,1.0,0.0,18181.81818181818,36363.63636363636,55.0,0.0,55.0,55.0,0,0,0,0,0,0,0,0,0,0,0,0,0,0,44,20,18181.81818181818,18181.81818181818,0.0,1.0,0.6666666666666667,0.5773502691896257,0.3333333333333333,0,0,0,0,1,0,0,0,1.0,1.0,0.0,1.0,0,0,0,0,0,0,1,0,1,1,-1,62934,0,0,0,0,0,0,0,0,0,0,No Label
8.0.6.4-8.6.0.1-0-0-0,8.6.0.1,0,8.0.6.4,0,0,31/03/2015 02:10:16 PM,51568423,11,1,0.0,0.0,0.0,0.0,0.0,0.0,0.0,0.0,0.0,0.0,0.0,0.23270054234545817,4688038.454545454,7114547.3266841285,1.8647654E7,18.0,5.1568135E7,5156813.5,7318130.695439334,1.8647654E7,18.0,0,0,0,0,0,0,0,0,0,0,0,0.21330883048333665,0.019391711862121516,0.0,0.0,0.0,0.0,0.0,0,0,0,0,0,0,0,0,0.0,0.0,0.0,0.0,0,0,0,0,0,0,11,0,1,0,-1,-1,0,0,1650880.6666666667,2859136.3968758704,4952327.0,27.0,1.4087779666666666E7,7384502.245862908,1.8647654E7,5567928.0,No Label
131.202.240.150-157.55.56.157-48885-40008-6,131.202.240.150,48885,157.55.56.157,40008,6,31/03/2015 02:10:22 PM,46287,1,2,0.0,888.0,0.0,0.0,0.0,0.0,884.0,4.0,444.0,622.2539674441618,19184.65227817746,64.81301445330222,23143.5,32629.442417853235,46216.0,71.0,0,0,0,0,0,46216.0,46216.0,0.0,46216.0,46216.0,0,1,0,0,32,64,21.60433815110074,43.20867630220148,0.0,884.0,443.00000000000006,509.225555787086,259310.66666666666,0,0,0,1,1,0,0,0,2.0,590.6666666666666,0.0,444.0,0,0,0,0,0,0,1,0,2,888,-1,83,0,0,0,0,0,0,0,0,0,0,No Label
131.202.240.150-199.16.156.21-55139-443-6,131.202.240.150,55139,199.16.156.21,443,6,31/03/2015 02:10:18 PM,45147338,1,3,0.0,0.0,0.0,0.0,0.0,0.0,0.0,0.0,0.0,0.0,0.0,0.08859880066461505,1.5049112666666668E7,2.5937916706595045E7,4.4999639E7,72318.0,0,0,0,0,0,4.5147338E7,2.2573669E7,3.1821715755917404E7,4.507502E7,72318.0,0,0,0,0,20,60,0.022149700166153762,0.06644910049846128,0.0,0.0,0.0,0.0,0.0,0,0,0,0,1,0,0,0,3.0,0.0,0.0,0.0,0,0,0,0,0,0,1,0,3,0,-1,65535,0,0,72318.0,0.0,72318.0,72318.0,4.4999639E7,0.0,4.4999639E7,4.4999639E7,No Label
131.202.240.150-199.16.156.21-55139-443-6,131.202.240.150,55139,199.16.156.21,443,6,31/03/2015 02:11:47 PM,624,2,2,0.0,86.0,0.0,0.0,0.0,0.0,45.0,41.0,43.0,2.8284271247461903,137820.5128205128,6410.25641025641,208.0,231.3503836175769,475.0,67.0,475.0,475.0,0.0,475.0,475.0,67.0,67.0,0.0,67.0,67.0,0,1,0,0,40,40,3205.128205128205,3205.128205128205,0.0,45.0,26.2,23.972901368002997,574.7,0,0,0,1,1,0,0,0,1.0,32.75,0.0,43.0,0,0,0,0,0,0,2,0,2,86,-1,65535,0,0,0,0,0,0,0,0,0,0,No Label
131.202.240.150-199.16.156.21-55139-443-6,199.16.156.21,443,131.202.240.150,55139,6,31/03/2015 02:11:47 PM,531,2,2,31.0,0.0,31.0,0.0,15.5,21.920310216782973,0.0,0.0,0.0,0.0,58380.4143126177,7532.956685499058,177.0,233.15874420660273,443.0,8.0,88.0,88.0,0.0,88.0,88.0,523.0,523.0,0.0,523.0,523.0,0,0,0,0,40,40,3766.478342749529,3766.478342749529,0.0,31.0,6.2,13.863621460498697,192.20000000000002,0,0,0,0,1,0,0,0,1.0,7.75,15.5,0.0,0,0,0,0,0,0,2,31,2,0,-1,0,1,0,0,0,0,0,0,0,0,0,No Label
131.202.240.150-131.202.240.86-40273-49624-17,131.202.240.86,49624,131.202.240.150,40273,17,31/03/2015 02:10:50 PM,59983325,3044,3044,305657.0,299475.0,187.0,3.0,100.41294349540073,20.56104246653465,156.0,3.0,98.38206307490125,21.070751202599038,10088.337050338574,101.49487378367238,9854.333004764263,7108.7893968749995,20616.0,1.0,5.9968776E7,19707.123233650964,2062.410410286001,21552.0,23.0,5.9983325E7,19711.90437068682,2534.0958910948143,27876.0,114.0,0,0,0,0,24352,24352,50.74743689183619,50.74743689183619,3.0,187.0,99.40532107078322,20.847719521896973,434.6274092636841,0,0,0,0,0,0,0,0,1.0,99.42164914586071,100.41294349540078,98.38206307490144,0,0,0,0,0,0,3044,305657,3044,299475,-1,-1,3044,0,0,0,0,0,0,0,0,0,No Label
131.202.240.150-64.233.171.188-39508-5228-6,131.202.240.150,39508,64.233.171.188,5228,6,31/03/2015 02:10:26 PM,45094946,1,3,0.0,0.0,0.0,0.0,0.0,0.0,0.0,0.0,0.0,0.0,0.0,0.08870173611029493,1.5031648666666668E7,2.596832021547365E7,4.5017282E7,38720.0,0,0,0,0,0,4.5094946E7,2.2547473E7,3.183218376470609E7,4.5056226E7,38720.0,0,0,0,0,32,96,0.022175434027573732,0.0665263020827212,0.0,0.0,0.0,0.0,0.0,0,0,0,0,1,0,0,0,3.0,0.0,0.0,0.0,0,0,0,0,0,0,1,0,3,0,-1,366,0,0,38720.0,0.0,38720.0,38720.0,4.5017282E7,0.0,4.5017282E7,4.5017282E7,No Label
131.202.240.150-131.202.243.255-138-138-17,131.202.240.150,138,131.202.243.255,138,17,31/03/2015 02:10:28 PM,2091231,1,1,191.0,191.0,191.0,191.0,191.0,0.0,191.0,191.0,191.0,0.0,182.6675293164648,0.9563744990390827,2091231.0,0.0,2091231.0,2091231.0,0,0,0,0,0,0,0,0,0,0,0,0,0,0,8,8,0.47818724951954134,0.47818724951954134,191.0,191.0,191.0,0.0,0.0,0,0,0,0,0,0,0,0,1.0,286.5,191.0,191.0,0,0,0,0,0,0,1,191,1,191,-1,-1,1,0,0,0,0,0,0,0,0,0,No Label
8.0.6.4-8.6.0.1-0-0-0,8.6.0.1,0,8.0.6.4,0,0,31/03/2015 02:11:21 PM,55635989,9,1,0.0,0.0,0.0,0.0,0.0,0.0,0.0,0.0,0.0,0.0,0.0,0.17973977239804256,6181776.555555556,9827892.38294267,2.3000023E7,33.0,5.5635956E7,6954494.5,1.0210002462331003E7,2.3000023E7,36.0,0,0,0,0,0,0,0,0,0,0,0,0.1617657951582383,0.017973977239804255,0.0,0.0,0.0,0.0,0.0,0,0,0,0,0,0,0,0,0.0,0.0,0.0,0.0,0,0,0,0,0,0,9,0,1,0,-1,-1,0,0,781562.6666666667,1353646.4922136553,2344619.0,33.0,1.7763751666666668E7,9068641.897887265,2.3000023E7,7292186.0,No Label
131.202.240.150-157.55.56.157-48885-40008-6,131.202.240.150,48885,157.55.56.157,40008,6,31/03/2015 02:11:22 PM,131690,2,4,884.0,6.0,884.0,0.0,442.0,625.0823945689081,4.0,0.0,1.5,1.914854215512676,6758.295998177538,45.56154605512947,26338.0,38563.36446032685,85517.0,38.0,46099.0,46099.0,0.0,46099.0,46099.0,131652.0,43884.0,42698.6770169756,85517.0,194.0,0,1,0,0,64,128,15.18718201837649,30.37436403675298,0.0,884.0,127.42857142857142,333.6199719955112,111302.28571428568,0,0,0,1,1,0,0,0,2.0,148.66666666666666,442.0,1.5,0,0,0,0,0,0,2,884,4,6,-1,83,1,0,0,0,0,0,0,0,0,0,No Label
131.202.240.150-173.194.123.111-51532-443-6,131.202.240.150,51532,173.194.123.111,443,6,31/03/2015 02:11:01 PM,45081328,1,3,0.0,0.0,0.0,0.0,0.0,0.0,0.0,0.0,0.0,0.0,0.0,0.08872853080104473,1.5027109333333332E7,2.5984028472793713E7,4.5030881E7,25147.0,0,0,0,0,0,4.5081328E7,2.2540664E7,3.1841749505241983E7,4.5056181E7,25147.0,0,0,0,0,32,96,0.022182132700261183,0.06654639810078354,0.0,0.0,0.0,0.0,0.0,0,0,0,0,1,0,0,0,3.0,0.0,0.0,0.0,0,0,0,0,0,0,1,0,3,0,-1,350,0,0,25147.0,0.0,25147.0,25147.0,4.5030881E7,0.0,4.5030881E7,4.5030881E7,No Label
131.202.240.150-131.202.240.86-40273-49624-17,131.202.240.86,49624,131.202.240.150,40273,17,31/03/2015 02:11:50 PM,59999885,3054,3053,281276.0,339276.0,178.0,3.0,92.1008513425017,9.912736479356969,151.0,3.0,111.1287258434326,18.263672509472652,10342.553156560218,101.78352841842947,9826.38142810355,7568.271764944187,20462.0,2.0,5.9979928E7,19646.22600720606,2262.24961541152,21192.0,41.0,5.9982672E7,19653.56225425951,2640.413230149672,27768.0,133.0,0,0,0,0,24432,24424,50.90009755852032,50.88343085990915,3.0,178.0,101.61444007858597,17.50274256918358,306.34599744311106,0,0,0,0,0,0,0,0,0.0,101.63107908956934,92.10085134250164,111.12872584343269,0,0,0,0,0,0,3054,281276,3053,339276,-1,-1,3054,0,0,0,0,0,0,0,0,0,No Label
131.202.240.150-131.202.240.86-49876-49624-6,131.202.240.150,49876,131.202.240.86,49624,6,31/03/2015 02:11:04 PM,325670,1,3,0.0,4.0,0.0,0.0,0.0,0.0,2.0,0.0,1.3333333333333333,1.1547005383792515,12.282371725980287,12.282371725980287,108556.66666666666,101139.35357383561,200252.0,74.0,0,0,0,0,0,325596.0,162798.0,52967.9547651219,200252.0,125344.0,0,1,0,0,32,96,3.0705929314950717,9.211778794485214,0.0,2.0,1.2,1.0954451150103321,1.1999999999999997,0,0,0,1,1,0,0,0,3.0,1.5,0.0,1.3333333333333333,0,0,0,0,0,0,1,0,3,4,-1,258,0,0,0,0,0,0,0,0,0,0,No Label
131.202.240.150-134.170.19.108-33309-443-6,131.202.240.150,33309,134.170.19.108,443,6,31/03/2015 02:11:17 PM,70,1,1,0.0,1.0,0.0,0.0,0.0,0.0,1.0,1.0,1.0,0.0,14285.714285714286,28571.428571428572,70.0,0.0,70.0,70.0,0,0,0,0,0,0,0,0,0,0,0,0,0,0,44,20,14285.714285714286,14285.714285714286,0.0,1.0,0.6666666666666667,0.5773502691896257,0.3333333333333333,0,0,0,0,1,0,0,0,1.0,1.0,0.0,1.0,0,0,0,0,0,0,1,0,1,1,-1,62934,0,0,0,0,0,0,0,0,0,0,No Label
131.202.240.150-216.58.219.206-33422-443-6,131.202.240.150,33422,216.58.219.206,443,6,31/03/2015 02:11:51 PM,45179080,10,9,887.0,289.0,517.0,0.0,88.7,160.58853563619596,153.0,0.0,32.111111111111114,50.587657695440996,26.029746510995796,0.42054862560282325,2509948.888888889,1.0603246783145938E7,4.4996446E7,9.0,4.5125276E7,5013919.555555556,1.501823331568042E7,4.506253E7,55.0,4.517908E7,5647385.0,1.5909796151153775E7,4.5022081E7,9.0,0,0,0,0,320,304,0.22134138189622277,0.1992072437066005,0.0,517.0,58.8,119.51199014941423,14283.115789473684,0,1,0,0,0,0,0,0,0.0,61.89473684210526,88.7,32.111111111111114,0,0,0,0,0,0,10,887,9,289,-1,350,6,0,156999.0,0.0,156999.0,156999.0,4.4996446E7,0.0,4.4996446E7,4.4996446E7,No Label
131.202.240.150-173.194.123.65-52675-443-6,131.202.240.150,52675,173.194.123.65,443,6,31/03/2015 02:11:51 PM,45178590,13,13,669.0,4344.0,262.0,0.0,51.46153846153846,87.99111260483014,1338.0,0.0,334.15384615384625,559.3409583539433,110.95963818259932,0.5754938345796095,1807143.6,8998303.368236408,4.4998962E7,6.0,4.5128146E7,3760678.833333333,1.2994573305251444E7,4.5023968E7,41.0,4.517859E7,3764882.5,1.2993225138869079E7,4.5023864E7,6.0,0,0,0,0,416,432,0.2877469172898047,0.2877469172898047,0.0,1338.0,185.66666666666669,411.4936208497041,169327.00000000003,0,1,0,0,0,0,0,0,1.0,192.80769230769232,51.46153846153846,334.15384615384613,0,0,0,0,0,0,13,669,13,4344,-1,350,6,0,154726.0,0.0,154726.0,154726.0,4.4998962E7,0.0,4.4998962E7,4.4998962E7,No Label
131.202.240.150-157.55.56.157-48885-40008-6,131.202.240.150,48885,157.55.56.157,40008,6,31/03/2015 02:12:22 PM,46192,1,2,0.0,888.0,0.0,0.0,0.0,0.0,884.0,4.0,444.0,622.2539674441618,19224.108070661587,64.9463110495324,23096.0,32559.438846515768,46119.0,73.0,0,0,0,0,0,46119.0,46119.0,0.0,46119.0,46119.0,0,1,0,0,32,64,21.64877034984413,43.29754069968826,0.0,884.0,443.00000000000006,509.225555787086,259310.66666666666,0,0,0,1,1,0,0,0,2.0,590.6666666666666,0.0,444.0,0,0,0,0,0,0,1,0,2,888,-1,83,0,0,0,0,0,0,0,0,0,0,No Label
8.0.6.4-8.6.0.1-0-0-0,8.6.0.1,0,8.0.6.4,0,0,31/03/2015 02:12:21 PM,40982947,5,1,0.0,0.0,0.0,0.0,0.0,0.0,0.0,0.0,0.0,0.0,0.0,0.1464023560823969,8196589.4,1.1362704078725573E7,2.2999037E7,28.0,4.0982673E7,1.024566825E7,1.2006521745179446E7,2.2999037E7,28.0,0,0,0,0,0,0,0,0,0,0,0,0.12200196340199741,0.024400392680399483,0.0,0.0,0.0,0.0,0.0,0,0,0,0,0,0,0,0,0.0,0.0,0.0,0.0,0,0,0,0,0,0,5,0,1,0,-1,-1,0,0,155.0,168.2914139223983,274.0,36.0,2.04913045E7,3546469.3123037876,2.2999037E7,1.7983572E7,No Label
131.202.240.150-64.233.171.188-39508-5228-6,131.202.240.150,39508,64.233.171.188,5228,6,31/03/2015 02:11:56 PM,45094863,1,3,0.0,0.0,0.0,0.0,0.0,0.0,0.0,0.0,0.0,0.0,0.0,0.0887018993715537,1.5031621E7,2.5968367558191426E7,4.5017309E7,38666.0,0,0,0,0,0,4.5094863E7,2.25474315E7,3.183220144237562E7,4.5056197E7,38666.0,0,0,0,0,32,96,0.022175474842888426,0.06652642452866528,0.0,0.0,0.0,0.0,0.0,0,0,0,0,1,0,0,0,3.0,0.0,0.0,0.0,0,0,0,0,0,0,1,0,3,0,-1,366,0,0,38666.0,0.0,38666.0,38666.0,4.5017309E7,0.0,4.5017309E7,4.5017309E7,No Label
131.202.240.150-173.194.123.111-51532-443-6,131.202.240.150,51532,173.194.123.111,443,6,31/03/2015 02:12:31 PM,59713105,2,5,0.0,63.0,0.0,0.0,0.0,0.0,63.0,0.0,12.6,28.17445651649735,1.0550447845577617,0.11722719828419574,9952184.166666668,1.8152595759488378E7,4.5030917E7,8.0,1.4657078E7,1.4657078E7,0.0,1.4657078E7,1.4657078E7,5.9713105E7,1.492827625E7,2.123488108619116E7,4.5056619E7,92.0,0,0,0,0,64,160,0.03349348522405592,0.08373371306013981,0.0,63.0,7.875,22.273863607376246,496.125,0,0,0,0,1,0,0,0,2.0,9.0,0.0,12.6,0,0,0,0,0,0,2,0,5,63,-1,350,0,0,25402.0,424.26406871192853,25702.0,25102.0,2.98311045E7,2.14957809830281E7,4.5030917E7,1.4631292E7,No Label
131.202.240.150-131.202.240.86-40273-49624-17,131.202.240.86,49624,131.202.240.150,40273,17,31/03/2015 02:12:50 PM,59997335,3053,3053,295932.0,326876.0,184.0,3.0,96.93154274484108,17.765738342598922,158.0,3.0,107.06714706845725,20.673721573839458,10380.594404734811,101.77118700355608,9827.57330057332,7527.210827631872,20731.0,1.0,5.9979792E7,19652.61861074705,2252.187861737302,21368.0,23.0,5.9995571E7,19657.788663171697,2730.650092101848,29226.0,63.0,0,0,0,0,24424,24424,50.88559350177804,50.88559350177804,3.0,184.0,102.00016374652034,19.92679445408215,397.0771372152391,0,0,0,0,0,0,0,0,1.0,102.01686865378316,96.93154274484114,107.06714706845726,0,0,0,0,0,0,3053,295932,3053,326876,-1,-1,3053,0,0,0,0,0,0,0,0,0,No Label
131.202.240.150-173.194.123.101-40869-443-6,131.202.240.150,40869,173.194.123.101,443,6,31/03/2015 02:12:31 PM,45136754,13,13,519.0,4293.0,210.0,0.0,39.92307692307692,63.09577579423937,1338.0,0.0,330.2307692307692,559.3815266056721,106.60934988812,0.576027243784522,1805470.1600000001,8995539.552571572,4.4984033E7,2.0,4.5086211E7,3757184.2500000005,1.2983096877159374E7,4.4984033E7,63.0,4.5136754E7,3761396.1666666665,1.2993544773648832E7,4.5021419E7,2.0,0,0,0,0,416,432,0.288013621892261,0.288013621892261,0.0,1338.0,178.22222222222217,410.60277766430295,168594.641025641,0,1,0,0,0,0,0,0,1.0,185.07692307692307,39.92307692307692,330.2307692307692,0,0,0,0,0,0,13,519,13,4293,-1,341,6,0,127584.0,0.0,127584.0,127584.0,4.4984033E7,0.0,4.4984033E7,4.4984033E7,No Label
131.202.240.150-157.55.56.157-48885-40008-6,131.202.240.150,48885,157.55.56.157,40008,6,31/03/2015 02:13:22 PM,130675,2,4,884.0,6.0,884.0,0.0,442.0,625.0823945689081,4.0,0.0,1.5,1.914854215512676,6810.7901281806,45.91543906638607,26135.0,38178.233202965275,84509.0,45.0,46091.0,46091.0,0.0,46091.0,46091.0,130630.0,43543.33333333333,42215.597405856206,84509.0,180.0,0,1,0,0,64,128,15.305146355462023,30.610292710924046,0.0,884.0,127.42857142857142,333.6199719955112,111302.28571428568,0,0,0,1,1,0,0,0,2.0,148.66666666666666,442.0,1.5,0,0,0,0,0,0,2,884,4,6,-1,83,1,0,0,0,0,0,0,0,0,0,No Label
8.0.6.4-8.6.0.1-0-0-0,8.6.0.1,0,8.0.6.4,0,0,31/03/2015 02:13:25 PM,45999232,9,1,0.0,0.0,0.0,0.0,0.0,0.0,0.0,0.0,0.0,0.0,0.0,0.21739493389802683,5111025.777777778,6665626.713993681,1.6941823E7,17.0,4.5999211E7,5749901.375,6824922.499342013,1.6941823E7,17.0,0,0,0,0,0,0,0,0,0,0,0,0.19565544050822414,0.021739493389802682,0.0,0.0,0.0,0.0,0.0,0,0,0,0,0,0,0,0,0.0,0.0,0.0,0.0,0,0,0,0,0,0,9,0,1,0,-1,-1,0,0,93.0,135.639227364358,296.0,17.0,1.149970575E7,4530451.301836597,1.6941823E7,6056889.0,No Label
131.202.240.150-131.202.240.86-40273-49624-17,131.202.240.86,49624,131.202.240.150,40273,17,31/03/2015 02:13:50 PM,59990905,3037,3032,296840.0,290530.0,176.0,3.0,97.74119196575552,20.641910378151646,158.0,3.0,95.82124010554088,21.09980925403472,9790.984150014074,101.16533497869386,9886.437870797641,6823.423334556305,20508.0,0.0,5.998875E7,19759.140316205558,1841.9837249302302,21142.0,31.0,5.9981123E7,19789.219069613962,2345.790988676043,29259.0,186.0,0,0,0,0,24296,24256,50.62434047294336,50.5409945057505,3.0,176.0,96.7790774299835,20.89180258372875,436.46741519749537,0,0,0,0,0,0,0,0,0.0,96.79502389190971,97.74119196575568,95.8212401055409,0,0,0,0,0,0,3037,296840,3032,290530,-1,-1,3037,0,0,0,0,0,0,0,0,0,No Label
131.202.240.150-216.58.219.206-33422-443-6,131.202.240.150,33422,216.58.219.206,443,6,31/03/2015 02:13:21 PM,45081503,1,3,0.0,0.0,0.0,0.0,0.0,0.0,0.0,0.0,0.0,0.0,0.0,0.08872818636947398,1.5027167666666668E7,2.5983499908645432E7,4.5030329E7,25503.0,0,0,0,0,0,4.5081503E7,2.25407515E7,3.1841132201022007E7,4.5055832E7,25671.0,0,0,0,0,32,96,0.022182046592368495,0.06654613977710548,0.0,0.0,0.0,0.0,0.0,0,0,0,0,1,0,0,0,3.0,0.0,0.0,0.0,0,0,0,0,0,0,1,0,3,0,-1,350,0,0,25671.0,0.0,25671.0,25671.0,4.5030329E7,0.0,4.5030329E7,4.5030329E7,No Label
131.202.240.150-173.194.123.65-52675-443-6,131.202.240.150,52675,173.194.123.65,443,6,31/03/2015 02:13:21 PM,45081098,1,3,0.0,0.0,0.0,0.0,0.0,0.0,0.0,0.0,0.0,0.0,0.0,0.08872898348660452,1.5027032666666668E7,2.598426460896683E7,4.5031077E7,24974.0,0,0,0,0,0,4.5081098E7,2.2540549E7,3.18418315296286E7,4.5056124E7,24974.0,0,0,0,0,32,96,0.02218224587165113,0.06654673761495339,0.0,0.0,0.0,0.0,0.0,0,0,0,0,1,0,0,0,3.0,0.0,0.0,0.0,0,0,0,0,0,0,1,0,3,0,-1,350,0,0,24974.0,0.0,24974.0,24974.0,4.5031077E7,0.0,4.5031077E7,4.5031077E7,No Label
131.202.240.150-157.55.130.147-40273-40019-17,131.202.240.150,40273,157.55.130.147,40019,17,31/03/2015 02:06:50 PM,34965,0,2,0.0,120.0,0,0,0,0,98.0,22.0,60.0,53.74011537017761,3432.0034320034315,57.200057200057195,34965.0,0.0,34965.0,34965.0,0,0,0,0,0,34965.0,34965.0,0.0,34965.0,34965.0,0,0,0,0,0,16,0.0,57.200057200057195,22.0,98.0,47.33333333333333,43.878620458411554,1925.3333333333333,0,0,0,0,0,0,0,0,0.0,71.0,0.0,60.0,0,0,0,0,0,0,0,0,2,120,-1,-1,0,0,0,0,0,0,0,0,0,0,No Label
131.202.240.150-64.233.171.188-39508-5228-6,131.202.240.150,39508,64.233.171.188,5228,6,31/03/2015 02:13:27 PM,45095211,1,3,0.0,0.0,0.0,0.0,0.0,0.0,0.0,0.0,0.0,0.0,0.0,0.08870121485849129,1.5031737E7,2.5968325124076888E7,4.5017376E7,38651.0,0,0,0,0,0,4.5095211E7,2.25476055E7,3.1832468728738908E7,4.505656E7,38651.0,0,0,0,0,32,96,0.022175303714622823,0.06652591114386847,0.0,0.0,0.0,0.0,0.0,0,0,0,0,1,0,0,0,3.0,0.0,0.0,0.0,0,0,0,0,0,0,1,0,3,0,-1,366,0,0,38651.0,0.0,38651.0,38651.0,4.5017376E7,0.0,4.5017376E7,4.5017376E7,No Label
131.202.240.150-131.202.240.86-49876-49624-6,131.202.240.150,49876,131.202.240.86,49624,6,31/03/2015 02:13:04 PM,344094,1,3,0.0,4.0,0.0,0.0,0.0,0.0,2.0,0.0,1.3333333333333333,1.1547005383792515,11.624730451562653,11.624730451562653,114698.0,103000.11823294185,199472.0,68.0,0,0,0,0,0,344026.0,172013.0,38832.890209202815,199472.0,144554.0,0,1,0,0,32,96,2.9061826128906634,8.71854783867199,0.0,2.0,1.2,1.0954451150103321,1.1999999999999997,0,0,0,1,1,0,0,0,3.0,1.5,0.0,1.3333333333333333,0,0,0,0,0,0,1,0,3,4,-1,258,0,0,0,0,0,0,0,0,0,0,No Label
131.202.240.150-134.170.19.108-33309-443-6,131.202.240.150,33309,134.170.19.108,443,6,31/03/2015 02:13:17 PM,27716789,4,3,645.0,1227.0,645.0,0.0,161.25,322.5,677.0,1.0,409.0,359.0877330124214,67.5402911931826,0.25255450766681525,4619464.833333332,1.1237671881376417E7,2.7558126E7,49.0,2.771674E7,9238913.333333332,1.5864906948892588E7,2.7558126E7,68917.0,2.771672E7,1.385836E7,1.9501191852326617E7,2.7647785E7,68935.0,0,0,0,0,140,84,0.14431686152389442,0.10823764614292082,0.0,677.0,234.12500000000003,324.5306225920753,105320.125,0,0,0,0,1,0,0,0,0.0,267.57142857142856,161.25,409.0,0,0,0,0,0,0,4,645,3,1227,-1,64224,1,0,49.0,0.0,49.0,49.0,2.7558126E7,0.0,2.7558126E7,2.7558126E7,No Label
131.202.240.150-173.194.123.101-40869-443-6,131.202.240.150,40869,173.194.123.101,443,6,31/03/2015 02:14:01 PM,45081202,1,3,0.0,0.0,0.0,0.0,0.0,0.0,0.0,0.0,0.0,0.0,0.0,0.08872877879343147,1.5027067333333332E7,2.5984032802819204E7,4.5030844E7,25155.0,0,0,0,0,0,4.5081202E7,2.2540601E7,3.1841649096079055E7,4.5056047E7,25155.0,0,0,0,0,32,96,0.022182194698357867,0.0665465840950736,0.0,0.0,0.0,0.0,0.0,0,0,0,0,1,0,0,0,3.0,0.0,0.0,0.0,0,0,0,0,0,0,1,0,3,0,-1,341,0,0,25155.0,0.0,25155.0,25155.0,4.5030844E7,0.0,4.5030844E7,4.5030844E7,No Label
131.202.240.150-131.202.240.86-40273-49624-17,131.202.240.86,49624,131.202.240.150,40273,17,31/03/2015 02:15:50 PM,52091626,2653,2651,235987.0,294396.0,173.0,3.0,88.95099886920485,11.582213665727517,374.0,3.0,111.05092417955476,18.809733783193902,10181.732472701084,101.8205882074021,9823.04846313407,4251.234357161965,18969.0,38.0,5.2071684E7,19634.873303167416,2245.1392634132735,21185.0,38.0,5.2091331E7,19657.106037735826,2656.3049666697702,28971.0,141.0,0,0,0,0,21224,21208,50.92949104717906,50.891097160223026,3.0,374.0,99.9932139491045,19.131470187300263,366.0131515275587,0,0,0,0,0,0,0,0,0.0,100.01206636500754,88.95099886920467,111.05092417955488,0,0,0,0,0,0,2653,235987,2651,294396,-1,-1,2653,0,0,0,0,0,0,0,0,0,No Label
131.202.240.150-184.24.147.8-37251-80-6,184.24.147.8,80,131.202.240.150,37251,6,31/03/2015 02:09:06 PM,10,0,2,0.0,0.0,0,0,0,0,0.0,0.0,0.0,0.0,0.0,199999.99999999997,10.0,0.0,10.0,10.0,0,0,0,0,0,10.0,10.0,0.0,10.0,10.0,0,0,0,0,0,64,0.0,199999.99999999997,0.0,0.0,0.0,0.0,0.0,1,0,0,0,1,0,0,0,0.0,0.0,0.0,0.0,0,0,0,0,0,0,0,0,2,0,-1,272,0,0,0,0,0,0,0,0,0,0,No Label
131.202.240.150-173.194.123.105-41688-443-6,131.202.240.150,41688,173.194.123.105,443,6,31/03/2015 02:10:38 PM,25100,0,2,0.0,0.0,0,0,0,0,0.0,0.0,0.0,0.0,0.0,79.6812749003984,25100.0,0.0,25100.0,25100.0,0,0,0,0,0,25100.0,25100.0,0.0,25100.0,25100.0,0,0,0,0,0,64,0.0,79.6812749003984,0.0,0.0,0.0,0.0,0.0,1,0,0,0,1,0,0,0,0.0,0.0,0.0,0.0,0,0,0,0,0,0,0,0,2,0,-1,950,0,0,0,0,0,0,0,0,0,0,No Label
131.202.240.150-157.55.56.157-48885-40008-6,131.202.240.150,48885,157.55.56.157,40008,6,31/03/2015 02:16:12 PM,9349890,8,8,897.0,143.0,884.0,0.0,112.125,311.901283604742,122.0,0.0,17.875,42.20506909297575,111.23125512706567,1.7112500788779332,623325.9999999999,2062136.8268697816,8023940.0,39.0,9349815.0,1335687.857142857,3024943.636538177,8143982.0,186.0,9308503.0,1329786.142857143,2974195.591664264,8023940.0,114.0,0,1,0,0,256,256,0.8556250394389666,0.8556250394389666,0.0,884.0,61.41176470588237,213.96263073943817,45780.007352941175,0,0,0,1,1,0,0,0,1.0,65.25,112.125,17.875,0,0,0,0,0,0,8,897,8,143,-1,83,3,0,128447.0,0.0,128447.0,128447.0,8023940.0,0.0,8023940.0,8023940.0,No Label
131.202.240.150-178.215.92.198-40273-8359-17,131.202.240.150,40273,178.215.92.198,8359,17,31/03/2015 02:06:50 PM,173951,0,2,0.0,44.0,0,0,0,0,26.0,18.0,22.0,5.656854249492381,252.94479479853524,11.497490672660692,173951.0,0.0,173951.0,173951.0,0,0,0,0,0,173951.0,173951.0,0.0,173951.0,173951.0,0,0,0,0,0,16,0.0,11.497490672660692,18.0,26.0,20.666666666666668,4.618802153517006,21.333333333333332,0,0,0,0,0,0,0,0,0.0,31.0,0.0,22.0,0,0,0,0,0,0,0,0,2,44,-1,-1,0,0,0,0,0,0,0,0,0,0,No Label
131.202.240.150-64.233.171.188-39508-5228-6,131.202.240.150,39508,64.233.171.188,5228,6,31/03/2015 02:16:27 PM,38683,0,2,0.0,0.0,0,0,0,0,0.0,0.0,0.0,0.0,0.0,51.70229816715353,38683.0,0.0,38683.0,38683.0,0,0,0,0,0,38683.0,38683.0,0.0,38683.0,38683.0,0,0,0,0,0,64,0.0,51.70229816715353,0.0,0.0,0.0,0.0,0.0,0,0,0,0,1,0,0,0,0.0,0.0,0.0,0.0,0,0,0,0,0,0,0,0,2,0,-1,366,0,0,0,0,0,0,0,0,0,0,No Label
131.202.240.150-23.49.93.9-50790-80-6,23.49.93.9,80,131.202.240.150,50790,6,31/03/2015 02:09:06 PM,14,0,2,0.0,0.0,0,0,0,0,0.0,0.0,0.0,0.0,0.0,142857.14285714287,14.0,0.0,14.0,14.0,0,0,0,0,0,14.0,14.0,0.0,14.0,14.0,0,0,0,0,0,64,0.0,142857.14285714287,0.0,0.0,0.0,0.0,0.0,1,0,0,0,1,0,0,0,0.0,0.0,0.0,0.0,0,0,0,0,0,0,0,0,2,0,-1,237,0,0,0,0,0,0,0,0,0,0,No Label
131.202.240.150-131.202.244.5-34021-53-17,131.202.240.150,34021,131.202.244.5,53,17,31/03/2015 02:09:31 PM,40620,0,2,0.0,225.0,0,0,0,0,192.0,33.0,112.5,112.42997820866105,5539.143279172821,49.23682914820285,40620.0,0.0,40620.0,40620.0,0,0,0,0,0,40620.0,40620.0,0.0,40620.0,40620.0,0,0,0,0,0,16,0.0,49.23682914820285,33.0,192.0,86.0,91.7986928011505,8427.0,0,0,0,0,0,0,0,0,0.0,129.0,0.0,112.5,0,0,0,0,0,0,0,0,2,225,-1,-1,0,0,0,0,0,0,0,0,0,0,No Label
131.202.240.150-111.221.74.25-40273-40004-17,131.202.240.150,40273,111.221.74.25,40004,17,31/03/2015 02:06:50 PM,250846,0,2,0.0,61.0,0,0,0,0,41.0,20.0,30.5,14.849242404917497,243.1770887317318,7.973019302679732,250846.0,0.0,250846.0,250846.0,0,0,0,0,0,250846.0,250846.0,0.0,250846.0,250846.0,0,0,0,0,0,16,0.0,7.973019302679732,20.0,41.0,34.0,12.12435565298214,147.0,0,0,0,0,0,0,0,0,0.0,51.0,0.0,30.5,0,0,0,0,0,0,0,0,2,61,-1,-1,0,0,0,0,0,0,0,0,0,0,No Label
131.202.240.150-131.202.244.3-34021-53-17,131.202.240.150,34021,131.202.244.3,53,17,31/03/2015 02:09:31 PM,478,0,2,0.0,273.0,0,0,0,0,240.0,33.0,136.5,146.37110370561533,571129.7071129706,4184.100418410042,478.0,0.0,478.0,478.0,0,0,0,0,0,478.0,478.0,0.0,478.0,478.0,0,0,0,0,0,16,0.0,4184.100418410042,33.0,240.0,102.0,119.51150572225254,14283.0,0,0,0,0,0,0,0,0,0.0,153.0,0.0,136.5,0,0,0,0,0,0,0,0,2,273,-1,-1,0,0,0,0,0,0,0,0,0,0,No Label
131.202.240.150-131.202.244.5-34737-53-17,131.202.240.150,34737,131.202.244.5,53,17,31/03/2015 02:12:31 PM,39662,0,2,0.0,250.0,0,0,0,0,213.0,37.0,125.0,124.45079348883236,6303.2625687055615,50.426100549644495,39662.0,0.0,39662.0,39662.0,0,0,0,0,0,39662.0,39662.0,0.0,39662.0,39662.0,0,0,0,0,0,16,0.0,50.426100549644495,37.0,213.0,95.66666666666666,101.61364737737412,10325.333333333332,0,0,0,0,0,0,0,0,0.0,143.5,0.0,125.0,0,0,0,0,0,0,0,0,2,250,-1,-1,0,0,0,0,0,0,0,0,0,0,No Label
131.202.240.150-131.202.243.27-135-5089-6,131.202.243.27,5089,131.202.240.150,135,6,31/03/2015 02:15:17 PM,997816,2,4,0.0,0.0,0.0,0.0,0.0,0.0,0.0,0.0,0.0,0.0,0.0,6.013132681777001,199563.2,273163.7534084638,499113.0,49.0,499198.0,499198.0,0.0,499198.0,499198.0,997816.0,332605.3333333333,288002.4034836052,499197.0,49.0,0,0,0,0,60,92,2.0043775605923337,4.0087551211846675,0.0,0.0,0.0,0.0,0.0,0,1,0,0,0,0,0,0,2.0,0.0,0.0,0.0,0,0,0,0,0,0,2,0,4,0,-1,0,0,0,0,0,0,0,0,0,0,0,No Label
131.202.240.150-131.202.244.3-34737-53-17,131.202.240.150,34737,131.202.244.3,53,17,31/03/2015 02:12:31 PM,577,0,2,0.0,410.0,0,0,0,0,373.0,37.0,205.0,237.58787847867995,710571.9237435008,3466.2045060658575,577.0,0.0,577.0,577.0,0,0,0,0,0,577.0,577.0,0.0,577.0,577.0,0,0,0,0,0,16,0.0,3466.2045060658575,37.0,373.0,149.0,193.98969044771425,37632.0,0,0,0,0,0,0,0,0,0.0,223.5,0.0,205.0,0,0,0,0,0,0,0,0,2,410,-1,-1,0,0,0,0,0,0,0,0,0,0,No Label
131.202.240.150-134.170.19.108-33309-443-6,131.202.240.150,33309,134.170.19.108,443,6,31/03/2015 02:16:42 PM,187338,1,2,0.0,1578.0,0.0,0.0,0.0,0.0,1029.0,549.0,789.0,339.4112549695428,8423.27771194312,16.013835954264483,93669.0,132383.11736018307,187278.0,60.0,0,0,0,0,0,187278.0,187278.0,0.0,187278.0,187278.0,0,1,0,0,32,64,5.3379453180881615,10.675890636176323,0.0,1029.0,651.75,489.88799740348816,239990.25,0,0,0,1,1,0,0,0,2.0,869.0,0.0,789.0,0,0,0,0,0,0,1,0,2,1578,-1,64224,0,0,0,0,0,0,0,0,0,0,No Label
131.202.240.150-203.205.148.12-0-0-0,203.205.148.12,0,131.202.240.150,0,0,31/03/2015 02:07:11 PM,71,0,2,0.0,0.0,0,0,0,0,0.0,0.0,0.0,0.0,0.0,28169.014084507042,71.0,0.0,71.0,71.0,0,0,0,0,0,71.0,71.0,0.0,71.0,71.0,0,0,0,0,0,0,0.0,28169.014084507042,0.0,0.0,0.0,0.0,0.0,0,0,0,0,0,0,0,0,0.0,0.0,0.0,0.0,0,0,0,0,0,0,0,0,2,0,-1,-1,0,0,0,0,0,0,0,0,0,0,No Label
131.202.240.150-131.202.244.3-14925-53-17,131.202.240.150,14925,131.202.244.3,53,17,31/03/2015 02:11:51 PM,395,0,2,0.0,253.0,0,0,0,0,212.0,41.0,126.5,120.91525958289962,640506.3291139241,5063.291139240506,395.0,0.0,395.0,395.0,0,0,0,0,0,395.0,395.0,0.0,395.0,395.0,0,0,0,0,0,16,0.0,5063.291139240506,41.0,212.0,98.0,98.72689603142601,9747.0,0,0,0,0,0,0,0,0,0.0,147.0,0.0,126.5,0,0,0,0,0,0,0,0,2,253,-1,-1,0,0,0,0,0,0,0,0,0,0,No Label
131.202.240.150-111.221.74.14-40273-40029-17,131.202.240.150,40273,111.221.74.14,40029,17,31/03/2015 02:06:50 PM,250135,0,2,0.0,497.0,0,0,0,0,456.0,41.0,248.5,293.4493141924172,1986.9270593879305,7.995682331540968,250135.0,0.0,250135.0,250135.0,0,0,0,0,0,250135.0,250135.0,0.0,250135.0,250135.0,0,0,0,0,0,16,0.0,7.995682331540968,41.0,456.0,179.33333333333334,239.6003617136947,57408.333333333336,0,0,0,0,0,0,0,0,0.0,269.0,0.0,248.5,0,0,0,0,0,0,0,0,2,497,-1,-1,0,0,0,0,0,0,0,0,0,0,No Label
131.202.240.150-131.202.240.86-49876-49624-6,131.202.240.150,49876,131.202.240.86,49624,6,31/03/2015 02:16:43 PM,199858,0,2,0.0,20.0,0,0,0,0,20.0,0.0,10.0,14.142135623730951,100.07105044581652,10.007105044581653,199858.0,0.0,199858.0,199858.0,0,0,0,0,0,199858.0,199858.0,0.0,199858.0,199858.0,0,1,0,0,0,64,0.0,10.007105044581653,0.0,20.0,13.333333333333332,11.547005383792516,133.33333333333334,0,0,0,1,1,0,0,0,0.0,20.0,0.0,10.0,0,0,0,0,0,0,0,0,2,20,-1,258,0,0,0,0,0,0,0,0,0,0,No Label
131.202.240.150-23.49.82.127-54806-80-6,23.49.82.127,80,131.202.240.150,54806,6,31/03/2015 02:09:06 PM,13,0,2,0.0,0.0,0,0,0,0,0.0,0.0,0.0,0.0,0.0,153846.15384615384,13.0,0.0,13.0,13.0,0,0,0,0,0,13.0,13.0,0.0,13.0,13.0,0,0,0,0,0,64,0.0,153846.15384615384,0.0,0.0,0.0,0.0,0.0,1,0,0,0,1,0,0,0,0.0,0.0,0.0,0.0,0,0,0,0,0,0,0,0,2,0,-1,467,0,0,0,0,0,0,0,0,0,0,No Label
8.0.6.4-8.6.0.1-0-0-0,8.6.0.1,0,8.0.6.4,0,0,31/03/2015 02:15:43 PM,45999174,9,1,0.0,0.0,0.0,0.0,0.0,0.0,0.0,0.0,0.0,0.0,0.0,0.2173952080096047,5111019.333333332,7752592.958699882,2.3000046E7,36.0,4.5999137E7,5749892.125,8030603.7195500955,2.3000046E7,36.0,0,0,0,0,0,0,0,0,0,0,0,0.19565568720864424,0.02173952080096047,0.0,0.0,0.0,0.0,0.0,0,0,0,0,0,0,0,0,0.0,0.0,0.0,0.0,0,0,0,0,0,0,9,0,1,0,-1,-1,0,0,95.0,109.46841249115352,259.0,36.0,1.14996835E7,7894161.678550569,2.3000046E7,5018399.0,No Label
131.202.240.150-79.132.89.5-40273-8646-17,131.202.240.150,40273,79.132.89.5,8646,17,31/03/2015 02:06:50 PM,160735,0,2,0.0,44.0,0,0,0,0,26.0,18.0,22.0,5.656854249492381,273.7424954117025,12.442840700531931,160735.0,0.0,160735.0,160735.0,0,0,0,0,0,160735.0,160735.0,0.0,160735.0,160735.0,0,0,0,0,0,16,0.0,12.442840700531931,18.0,26.0,20.666666666666668,4.618802153517006,21.333333333333332,0,0,0,0,0,0,0,0,0.0,31.0,0.0,22.0,0,0,0,0,0,0,0,0,2,44,-1,-1,0,0,0,0,0,0,0,0,0,0,No Label
131.202.240.150-131.202.6.3-14925-53-17,131.202.240.150,14925,131.202.6.3,53,17,31/03/2015 02:11:51 PM,2813,0,2,0.0,413.0,0,0,0,0,372.0,41.0,206.5,234.05234457274722,146818.3434056168,710.9847138286527,2813.0,0.0,2813.0,2813.0,0,0,0,0,0,2813.0,2813.0,0.0,2813.0,2813.0,0,0,0,0,0,16,0.0,710.9847138286527,41.0,372.0,151.33333333333331,191.1029391017661,36520.33333333333,0,0,0,0,0,0,0,0,0.0,227.0,0.0,206.5,0,0,0,0,0,0,0,0,2,413,-1,-1,0,0,0,0,0,0,0,0,0,0,No Label
131.202.240.150-157.55.235.142-40273-40029-17,131.202.240.150,40273,157.55.235.142,40029,17,31/03/2015 02:06:50 PM,105713,0,2,0.0,497.0,0,0,0,0,456.0,41.0,248.5,293.4493141924172,4701.408530644291,18.91914901667723,105713.0,0.0,105713.0,105713.0,0,0,0,0,0,105713.0,105713.0,0.0,105713.0,105713.0,0,0,0,0,0,16,0.0,18.91914901667723,41.0,456.0,179.33333333333334,239.6003617136947,57408.333333333336,0,0,0,0,0,0,0,0,0.0,269.0,0.0,248.5,0,0,0,0,0,0,0,0,2,497,-1,-1,0,0,0,0,0,0,0,0,0,0,No Label
131.202.240.150-23.49.91.178-41248-80-6,23.49.91.178,80,131.202.240.150,41248,6,31/03/2015 02:09:06 PM,10,0,2,0.0,0.0,0,0,0,0,0.0,0.0,0.0,0.0,0.0,199999.99999999997,10.0,0.0,10.0,10.0,0,0,0,0,0,10.0,10.0,0.0,10.0,10.0,0,0,0,0,0,64,0.0,199999.99999999997,0.0,0.0,0.0,0.0,0.0,1,0,0,0,1,0,0,0,0.0,0.0,0.0,0.0,0,0,0,0,0,0,0,0,2,0,-1,457,0,0,0,0,0,0,0,0,0,0,No Label
131.202.240.150-173.194.123.101-40869-443-6,131.202.240.150,40869,173.194.123.101,443,6,31/03/2015 02:16:31 PM,25162,0,2,0.0,0.0,0,0,0,0,0.0,0.0,0.0,0.0,0.0,79.48493760432397,25162.0,0.0,25162.0,25162.0,0,0,0,0,0,25162.0,25162.0,0.0,25162.0,25162.0,0,0,0,0,0,64,0.0,79.48493760432397,0.0,0.0,0.0,0.0,0.0,1,0,0,0,1,0,0,0,0.0,0.0,0.0,0.0,0,0,0,0,0,0,0,0,2,0,-1,341,0,0,0,0,0,0,0,0,0,0,No Label
131.202.240.150-173.194.123.101-53820-443-17,131.202.240.150,53820,173.194.123.101,443,17,31/03/2015 02:12:31 PM,100397,3,4,1324.0,3307.0,981.0,40.0,441.33333333333337,485.51244405610583,1350.0,32.0,826.75,643.5802850719817,46126.876301084696,69.72319890036555,16732.833333333336,12429.219531678837,26910.0,102.0,71538.0,35769.0,50440.75512916118,71436.0,102.0,74266.0,24755.333333333332,4225.354699115014,27469.0,19887.0,0,0,0,0,24,32,29.88137095729952,39.84182794306603,32.0,1350.0,747.625,583.5083393944401,340481.98214285716,0,0,0,0,0,0,0,0,1.0,854.4285714285714,441.3333333333333,826.75,0,0,0,0,0,0,3,1324,4,3307,-1,-1,3,0,0,0,0,0,0,0,0,0,No Label
131.202.240.150-111.221.77.141-40273-443-17,131.202.240.150,40273,111.221.77.141,443,17,31/03/2015 02:06:50 PM,243226,0,2,0.0,44.0,0,0,0,0,26.0,18.0,22.0,5.656854249492381,180.9017128103081,8.222805127741278,243226.0,0.0,243226.0,243226.0,0,0,0,0,0,243226.0,243226.0,0.0,243226.0,243226.0,0,0,0,0,0,16,0.0,8.222805127741278,18.0,26.0,20.666666666666668,4.618802153517006,21.333333333333332,0,0,0,0,0,0,0,0,0.0,31.0,0.0,22.0,0,0,0,0,0,0,0,0,2,44,-1,-1,0,0,0,0,0,0,0,0,0,0,No Label
131.202.240.150-54.85.185.104-34850-80-6,131.202.240.150,34850,54.85.185.104,80,6,31/03/2015 02:06:46 PM,55155,0,2,0.0,0.0,0,0,0,0,0.0,0.0,0.0,0.0,0.0,36.26144501858399,55155.0,0.0,55155.0,55155.0,0,0,0,0,0,55155.0,55155.0,0.0,55155.0,55155.0,0,0,0,0,0,64,0.0,36.26144501858399,0.0,0.0,0.0,0.0,0.0,1,0,0,0,1,0,0,0,0.0,0.0,0.0,0.0,0,0,0,0,0,0,0,0,2,0,-1,136,0,0,0,0,0,0,0,0,0,0,No Label
131.202.240.150-209.148.205.9-57914-80-6,209.148.205.9,80,131.202.240.150,57914,6,31/03/2015 02:09:16 PM,49,0,2,0.0,0.0,0,0,0,0,0.0,0.0,0.0,0.0,0.0,40816.32653061225,49.0,0.0,49.0,49.0,0,0,0,0,0,49.0,49.0,0.0,49.0,49.0,0,0,0,0,0,64,0.0,40816.32653061225,0.0,0.0,0.0,0.0,0.0,1,0,0,0,1,0,0,0,0.0,0.0,0.0,0.0,0,0,0,0,0,0,0,0,2,0,-1,854,0,0,0,0,0,0,0,0,0,0,No Label
131.202.240.150-131.202.244.5-14925-53-17,131.202.240.150,14925,131.202.244.5,53,17,31/03/2015 02:11:51 PM,43035,0,2,0.0,253.0,0,0,0,0,212.0,41.0,126.5,120.91525958289962,5878.935749970954,46.473800395027304,43035.0,0.0,43035.0,43035.0,0,0,0,0,0,43035.0,43035.0,0.0,43035.0,43035.0,0,0,0,0,0,16,0.0,46.473800395027304,41.0,212.0,98.0,98.72689603142601,9747.0,0,0,0,0,0,0,0,0,0.0,147.0,0.0,126.5,0,0,0,0,0,0,0,0,2,253,-1,-1,0,0,0,0,0,0,0,0,0,0,No Label
131.202.240.150-216.58.219.206-33267-443-6,131.202.240.150,33267,216.58.219.206,443,6,31/03/2015 02:08:16 PM,25614,0,2,0.0,0.0,0,0,0,0,0.0,0.0,0.0,0.0,0.0,78.08229874287498,25614.0,0.0,25614.0,25614.0,0,0,0,0,0,25614.0,25614.0,0.0,25614.0,25614.0,0,0,0,0,0,64,0.0,78.08229874287498,0.0,0.0,0.0,0.0,0.0,1,0,0,0,1,0,0,0,0.0,0.0,0.0,0.0,0,0,0,0,0,0,0,0,2,0,-1,350,0,0,0,0,0,0,0,0,0,0,No Label
131.202.240.150-173.194.123.111-43011-443-17,131.202.240.150,43011,173.194.123.111,443,17,31/03/2015 02:09:31 PM,102440,3,4,504.0,3010.0,427.0,37.0,168.0,224.30559511523558,1350.0,32.0,752.5,697.2046567065752,34303.00663803202,68.33268254588052,17073.333333333332,13358.594367173017,32729.0,694.0,101746.0,50873.0,22545.392611351883,66815.0,34931.0,76215.0,25405.0,9348.332685564843,33423.0,15137.0,0,0,0,0,24,32,29.285435376805935,39.04724716907458,32.0,1350.0,608.0,629.4889083330108,396256.28571428574,0,0,0,0,0,0,0,0,1.0,694.8571428571429,168.0,752.5,0,0,0,0,0,0,3,504,4,3010,-1,-1,3,0,0,0,0,0,0,0,0,0,No Label
131.202.240.150-209.148.205.19-36188-80-6,209.148.205.19,80,131.202.240.150,36188,6,31/03/2015 02:09:06 PM,10,0,2,0.0,0.0,0,0,0,0,0.0,0.0,0.0,0.0,0.0,199999.99999999997,10.0,0.0,10.0,10.0,0,0,0,0,0,10.0,10.0,0.0,10.0,10.0,0,0,0,0,0,64,0.0,199999.99999999997,0.0,0.0,0.0,0.0,0.0,1,0,0,0,1,0,0,0,0.0,0.0,0.0,0.0,0,0,0,0,0,0,0,0,2,0,-1,237,0,0,0,0,0,0,0,0,0,0,No Label
131.202.240.150-131.202.244.3-37701-53-17,131.202.240.150,37701,131.202.244.3,53,17,31/03/2015 02:11:51 PM,475,0,2,0.0,441.0,0,0,0,0,394.0,47.0,220.5,245.36605307173198,928421.052631579,4210.526315789473,475.0,0.0,475.0,475.0,0,0,0,0,0,475.0,475.0,0.0,475.0,475.0,0,0,0,0,0,16,0.0,4210.526315789473,47.0,394.0,162.66666666666669,200.34054340880016,40136.333333333336,0,0,0,0,0,0,0,0,0.0,244.0,0.0,220.5,0,0,0,0,0,0,0,0,2,441,-1,-1,0,0,0,0,0,0,0,0,0,0,No Label
131.202.240.150-216.58.219.206-54468-443-17,131.202.240.150,54468,216.58.219.206,443,17,31/03/2015 02:11:51 PM,107538,7,9,3901.0,6454.0,1350.0,40.0,557.2857142857143,586.9124620377711,1350.0,28.0,717.111111111111,663.8095443055267,96291.54345440681,148.78461567073964,7169.200000000001,11291.506493188333,28113.0,7.0,74127.0,12354.5,19063.55776606245,44733.0,12.0,81567.0,10195.874999999998,14571.1271398269,34268.0,7.0,0,0,0,0,56,72,65.09326935594859,83.69134631479105,28.0,1350.0,688.5294117647059,620.3533385949353,384838.26470588235,0,0,0,0,0,0,0,0,1.0,731.5625,557.2857142857143,717.1111111111111,0,0,0,0,0,0,7,3901,9,6454,-1,-1,7,0,0,0,0,0,0,0,0,0,No Label
131.202.240.150-111.221.77.173-40273-40008-17,131.202.240.150,40273,111.221.77.173,40008,17,31/03/2015 02:06:50 PM,248554,0,2,0.0,120.0,0,0,0,0,98.0,22.0,60.0,53.74011537017761,482.79247165605864,8.046541194267645,248554.0,0.0,248554.0,248554.0,0,0,0,0,0,248554.0,248554.0,0.0,248554.0,248554.0,0,0,0,0,0,16,0.0,8.046541194267645,22.0,98.0,47.33333333333333,43.878620458411554,1925.3333333333333,0,0,0,0,0,0,0,0,0.0,71.0,0.0,60.0,0,0,0,0,0,0,0,0,2,120,-1,-1,0,0,0,0,0,0,0,0,0,0,No Label
131.202.240.150-65.55.223.14-40273-40029-17,131.202.240.150,40273,65.55.223.14,40029,17,31/03/2015 02:06:50 PM,33546,0,2,0.0,497.0,0,0,0,0,456.0,41.0,248.5,293.4493141924172,14815.477255112382,59.619626781136354,33546.0,0.0,33546.0,33546.0,0,0,0,0,0,33546.0,33546.0,0.0,33546.0,33546.0,0,0,0,0,0,16,0.0,59.619626781136354,41.0,456.0,179.33333333333334,239.6003617136947,57408.333333333336,0,0,0,0,0,0,0,0,0.0,269.0,0.0,248.5,0,0,0,0,0,0,0,0,2,497,-1,-1,0,0,0,0,0,0,0,0,0,0,No Label
131.202.240.150-131.202.6.3-34737-53-17,131.202.240.150,34737,131.202.6.3,53,17,31/03/2015 02:12:31 PM,40933,0,2,0.0,410.0,0,0,0,0,373.0,37.0,205.0,237.58787847867995,10016.368211467521,48.86033273886596,40933.0,0.0,40933.0,40933.0,0,0,0,0,0,40933.0,40933.0,0.0,40933.0,40933.0,0,0,0,0,0,16,0.0,48.86033273886596,37.0,373.0,149.0,193.98969044771425,37632.0,0,0,0,0,0,0,0,0,0.0,223.5,0.0,205.0,0,0,0,0,0,0,0,0,2,410,-1,-1,0,0,0,0,0,0,0,0,0,0,No Label
131.202.240.150-94.132.38.233-40273-33825-17,131.202.240.150,40273,94.132.38.233,33825,17,31/03/2015 02:06:50 PM,170306,0,2,0.0,44.0,0,0,0,0,26.0,18.0,22.0,5.656854249492381,258.3584841403121,11.743567460923279,170306.0,0.0,170306.0,170306.0,0,0,0,0,0,170306.0,170306.0,0.0,170306.0,170306.0,0,0,0,0,0,16,0.0,11.743567460923279,18.0,26.0,20.666666666666668,4.618802153517006,21.333333333333332,0,0,0,0,0,0,0,0,0.0,31.0,0.0,22.0,0,0,0,0,0,0,0,0,2,44,-1,-1,0,0,0,0,0,0,0,0,0,0,No Label
131.202.240.150-157.56.53.45-48676-12350-6,131.202.240.150,48676,157.56.53.45,12350,6,31/03/2015 02:16:21 PM,20707130,3,4,247.0,66.0,247.0,0.0,82.33333333333334,142.60551648983756,56.0,0.0,16.5,26.438608132804568,15.115566473963316,0.3380478125167515,3451188.333333333,8298059.585359572,2.0389183E7,36.0,2.0620628E7,1.0310314E7,1.4253673233181754E7,2.0389183E7,231445.0,2.0707094E7,6902364.666666666,1.1787486201173572E7,2.0513376E7,86428.0,0,1,0,0,96,128,0.14487763393575065,0.19317017858100086,0.0,247.0,39.74999999999999,85.83996738116808,7368.5,0,0,0,1,1,0,0,0,1.0,45.42857142857143,82.33333333333333,16.5,0,0,0,0,0,0,3,247,4,66,-1,52,1,0,86502.0,0.0,86502.0,86502.0,2.0389183E7,0.0,2.0389183E7,2.0389183E7,No Label
131.202.240.150-209.148.205.17-55268-80-6,209.148.205.17,80,131.202.240.150,55268,6,31/03/2015 02:10:36 PM,47,0,2,0.0,0.0,0,0,0,0,0.0,0.0,0.0,0.0,0.0,42553.19148936171,47.0,0.0,47.0,47.0,0,0,0,0,0,47.0,47.0,0.0,47.0,47.0,0,0,0,0,0,64,0.0,42553.19148936171,0.0,0.0,0.0,0.0,0.0,1,0,0,0,1,0,0,0,0.0,0.0,0.0,0.0,0,0,0,0,0,0,0,0,2,0,-1,245,0,0,0,0,0,0,0,0,0,0,No Label
131.202.240.150-209.148.205.9-57913-80-6,209.148.205.9,80,131.202.240.150,57913,6,31/03/2015 02:09:16 PM,7,0,2,0.0,0.0,0,0,0,0,0.0,0.0,0.0,0.0,0.0,285714.28571428574,7.0,0.0,7.0,7.0,0,0,0,0,0,7.0,7.0,0.0,7.0,7.0,0,0,0,0,0,64,0.0,285714.28571428574,0.0,0.0,0.0,0.0,0.0,1,0,0,0,1,0,0,0,0.0,0.0,0.0,0.0,0,0,0,0,0,0,0,0,2,0,-1,1348,0,0,0,0,0,0,0,0,0,0,No Label
131.202.240.150-178.185.126.49-40273-11346-17,131.202.240.150,40273,178.185.126.49,11346,17,31/03/2015 02:06:50 PM,235553,0,2,0.0,44.0,0,0,0,0,26.0,18.0,22.0,5.656854249492381,186.79447937406866,8.490658153366757,235553.0,0.0,235553.0,235553.0,0,0,0,0,0,235553.0,235553.0,0.0,235553.0,235553.0,0,0,0,0,0,16,0.0,8.490658153366757,18.0,26.0,20.666666666666668,4.618802153517006,21.333333333333332,0,0,0,0,0,0,0,0,0.0,31.0,0.0,22.0,0,0,0,0,0,0,0,0,2,44,-1,-1,0,0,0,0,0,0,0,0,0,0,No Label
131.202.240.150-184.25.76.112-59373-80-6,184.25.76.112,80,131.202.240.150,59373,6,31/03/2015 02:09:06 PM,76,0,2,0.0,0.0,0,0,0,0,0.0,0.0,0.0,0.0,0.0,26315.78947368421,76.0,0.0,76.0,76.0,0,0,0,0,0,76.0,76.0,0.0,76.0,76.0,0,0,0,0,0,64,0.0,26315.78947368421,0.0,0.0,0.0,0.0,0.0,1,0,0,0,1,0,0,0,0.0,0.0,0.0,0.0,0,0,0,0,0,0,0,0,2,0,-1,251,0,0,0,0,0,0,0,0,0,0,No Label
131.202.240.150-173.194.123.65-52675-443-6,131.202.240.150,52675,173.194.123.65,443,6,31/03/2015 02:15:51 PM,24912,0,2,0.0,0.0,0,0,0,0,0.0,0.0,0.0,0.0,0.0,80.28259473346179,24912.0,0.0,24912.0,24912.0,0,0,0,0,0,24912.0,24912.0,0.0,24912.0,24912.0,0,0,0,0,0,64,0.0,80.28259473346179,0.0,0.0,0.0,0.0,0.0,1,0,0,0,1,0,0,0,0.0,0.0,0.0,0.0,0,0,0,0,0,0,0,0,2,0,-1,350,0,0,0,0,0,0,0,0,0,0,No Label
131.202.240.150-173.194.123.65-50113-443-17,131.202.240.150,50113,173.194.123.65,443,17,31/03/2015 02:11:51 PM,164653,6,7,1205.0,5054.0,420.0,37.0,200.83333333333331,145.5381965899903,1350.0,32.0,722.0,584.147527028347,38013.27640553164,78.9539212768671,13721.083333333334,13543.042349610125,27919.0,33.0,164044.0,32808.8,10853.9209366938,52181.0,27211.0,138379.0,23063.166666666668,11304.450900714579,28528.0,33.0,0,0,0,0,48,56,36.44027135855405,42.51364991831306,32.0,1350.0,543.5,535.743731791466,287021.3461538462,0,0,0,0,0,0,0,0,1.0,585.3076923076923,200.83333333333334,722.0,0,0,0,0,0,0,6,1205,7,5054,-1,-1,6,0,0,0,0,0,0,0,0,0,No Label
131.202.240.150-209.148.205.32-44854-80-6,209.148.205.32,80,131.202.240.150,44854,6,31/03/2015 02:09:06 PM,73,0,2,0.0,0.0,0,0,0,0,0.0,0.0,0.0,0.0,0.0,27397.260273972603,73.0,0.0,73.0,73.0,0,0,0,0,0,73.0,73.0,0.0,73.0,73.0,0,0,0,0,0,64,0.0,27397.260273972603,0.0,0.0,0.0,0.0,0.0,1,0,0,0,1,0,0,0,0.0,0.0,0.0,0.0,0,0,0,0,0,0,0,0,2,0,-1,237,0,0,0,0,0,0,0,0,0,0,No Label
131.202.240.150-157.55.130.176-40273-40023-17,131.202.240.150,40273,157.55.130.176,40023,17,31/03/2015 02:06:50 PM,662465,0,2,0.0,153.0,0,0,0,0,100.0,53.0,76.5,33.23401871576773,230.9555976542157,3.019027420316545,662465.0,0.0,662465.0,662465.0,0,0,0,0,0,662465.0,662465.0,0.0,662465.0,662465.0,0,0,0,0,0,16,0.0,3.019027420316545,53.0,100.0,84.33333333333333,27.13546265191241,736.3333333333333,0,0,0,0,0,0,0,0,0.0,126.5,0.0,76.5,0,0,0,0,0,0,0,0,2,153,-1,-1,0,0,0,0,0,0,0,0,0,0,No Label
131.202.240.150-216.58.219.206-33422-443-6,131.202.240.150,33422,216.58.219.206,443,6,31/03/2015 02:15:51 PM,25511,0,2,0.0,0.0,0,0,0,0,0.0,0.0,0.0,0.0,0.0,78.39755399631532,25511.0,0.0,25511.0,25511.0,0,0,0,0,0,25511.0,25511.0,0.0,25511.0,25511.0,0,0,0,0,0,64,0.0,78.39755399631532,0.0,0.0,0.0,0.0,0.0,1,0,0,0,1,0,0,0,0.0,0.0,0.0,0.0,0,0,0,0,0,0,0,0,2,0,-1,350,0,0,0,0,0,0,0,0,0,0,No Label
131.202.240.150-209.148.205.9-57912-80-6,209.148.205.9,80,131.202.240.150,57912,6,31/03/2015 02:09:16 PM,7,0,2,0.0,0.0,0,0,0,0,0.0,0.0,0.0,0.0,0.0,285714.28571428574,7.0,0.0,7.0,7.0,0,0,0,0,0,7.0,7.0,0.0,7.0,7.0,0,0,0,0,0,64,0.0,285714.28571428574,0.0,0.0,0.0,0.0,0.0,1,0,0,0,1,0,0,0,0.0,0.0,0.0,0.0,0,0,0,0,0,0,0,0,2,0,-1,3517,0,0,0,0,0,0,0,0,0,0,No Label
131.202.240.150-157.55.130.160-40273-443-17,131.202.240.150,40273,157.55.130.160,443,17,31/03/2015 02:06:50 PM,31729,0,2,0.0,44.0,0,0,0,0,26.0,18.0,22.0,5.656854249492381,1386.7439881496423,63.033817643165555,31729.0,0.0,31729.0,31729.0,0,0,0,0,0,31729.0,31729.0,0.0,31729.0,31729.0,0,0,0,0,0,16,0.0,63.033817643165555,18.0,26.0,20.666666666666668,4.618802153517006,21.333333333333332,0,0,0,0,0,0,0,0,0.0,31.0,0.0,22.0,0,0,0,0,0,0,0,0,2,44,-1,-1,0,0,0,0,0,0,0,0,0,0,No Label
131.202.240.150-209.148.205.9-57918-80-6,209.148.205.9,80,131.202.240.150,57918,6,31/03/2015 02:09:16 PM,7,0,2,0.0,0.0,0,0,0,0,0.0,0.0,0.0,0.0,0.0,285714.28571428574,7.0,0.0,7.0,7.0,0,0,0,0,0,7.0,7.0,0.0,7.0,7.0,0,0,0,0,0,64,0.0,285714.28571428574,0.0,0.0,0.0,0.0,0.0,1,0,0,0,1,0,0,0,0.0,0.0,0.0,0.0,0,0,0,0,0,0,0,0,2,0,-1,317,0,0,0,0,0,0,0,0,0,0,No Label
131.202.240.150-131.202.243.255-138-138-17,131.202.240.150,138,131.202.243.255,138,17,31/03/2015 02:15:38 PM,1646612,1,1,191.0,191.0,191.0,191.0,191.0,0.0,191.0,191.0,191.0,0.0,231.99150741036746,1.2146152220438087,1646612.0,0.0,1646612.0,1646612.0,0,0,0,0,0,0,0,0,0,0,0,0,0,0,8,8,0.6073076110219043,0.6073076110219043,191.0,191.0,191.0,0.0,0.0,0,0,0,0,0,0,0,0,1.0,286.5,191.0,191.0,0,0,0,0,0,0,1,191,1,191,-1,-1,1,0,0,0,0,0,0,0,0,0,No Label
131.202.240.150-23.49.81.120-49121-80-6,23.49.81.120,80,131.202.240.150,49121,6,31/03/2015 02:09:06 PM,10,0,2,0.0,0.0,0,0,0,0,0.0,0.0,0.0,0.0,0.0,199999.99999999997,10.0,0.0,10.0,10.0,0,0,0,0,0,10.0,10.0,0.0,10.0,10.0,0,0,0,0,0,64,0.0,199999.99999999997,0.0,0.0,0.0,0.0,0.0,1,0,0,0,1,0,0,0,0.0,0.0,0.0,0.0,0,0,0,0,0,0,0,0,2,0,-1,693,0,0,0,0,0,0,0,0,0,0,No Label
131.202.240.150-157.56.52.25-40273-40004-17,131.202.240.150,40273,157.56.52.25,40004,17,31/03/2015 02:06:50 PM,86911,0,2,0.0,61.0,0,0,0,0,41.0,20.0,30.5,14.849242404917497,701.8674275983477,23.012046806503204,86911.0,0.0,86911.0,86911.0,0,0,0,0,0,86911.0,86911.0,0.0,86911.0,86911.0,0,0,0,0,0,16,0.0,23.012046806503204,20.0,41.0,34.0,12.12435565298214,147.0,0,0,0,0,0,0,0,0,0.0,51.0,0.0,30.5,0,0,0,0,0,0,0,0,2,61,-1,-1,0,0,0,0,0,0,0,0,0,0,No Label
131.202.240.150-184.25.76.112-59374-80-6,184.25.76.112,80,131.202.240.150,59374,6,31/03/2015 02:09:06 PM,10,0,2,0.0,0.0,0,0,0,0,0.0,0.0,0.0,0.0,0.0,199999.99999999997,10.0,0.0,10.0,10.0,0,0,0,0,0,10.0,10.0,0.0,10.0,10.0,0,0,0,0,0,64,0.0,199999.99999999997,0.0,0.0,0.0,0.0,0.0,1,0,0,0,1,0,0,0,0.0,0.0,0.0,0.0,0,0,0,0,0,0,0,0,2,0,-1,3540,0,0,0,0,0,0,0,0,0,0,No Label
131.202.240.150-131.202.6.3-34021-53-17,131.202.240.150,34021,131.202.6.3,53,17,31/03/2015 02:09:31 PM,2139,0,2,0.0,273.0,0,0,0,0,240.0,33.0,136.5,146.37110370561533,127629.73352033661,935.0163627863489,2139.0,0.0,2139.0,2139.0,0,0,0,0,0,2139.0,2139.0,0.0,2139.0,2139.0,0,0,0,0,0,16,0.0,935.0163627863489,33.0,240.0,102.0,119.51150572225254,14283.0,0,0,0,0,0,0,0,0,0.0,153.0,0.0,136.5,0,0,0,0,0,0,0,0,2,273,-1,-1,0,0,0,0,0,0,0,0,0,0,No Label
131.202.240.150-131.202.243.27-445-5090-6,131.202.243.27,5090,131.202.240.150,445,6,31/03/2015 02:15:18 PM,11708385,16,16,2133.0,1794.0,498.0,0.0,133.31250000000003,123.18859186899843,285.0,0.0,112.125,80.56870773859208,335.4006551714861,2.7330840248249437,377689.8387096775,2061422.1577663498,1.1483324E7,27.0,1.1707979E7,780531.9333333333,2961268.867982789,1.1483324E7,87.0,1.170794E7,780529.3333333333,3015649.626522514,1.1681448E7,93.0,0,0,0,0,320,344,1.3665420124124719,1.3665420124124719,0.0,498.0,119.0,103.56097237859444,10724.875,0,1,0,0,0,0,0,0,1.0,122.71875,133.3125,112.125,0,0,0,0,0,0,16,2133,16,1794,-1,279,13,0,214749.0,0.0,214749.0,214749.0,1.1483324E7,0.0,1.1483324E7,1.1483324E7,No Label
131.202.240.150-157.55.130.147-40273-40019-17,131.202.240.150,40273,157.55.130.147,40019,17,31/03/2015 02:14:56 PM,31565,0,2,0.0,54.0,0,0,0,0,34.0,20.0,27.0,9.899494936611665,1710.7555837161412,63.361317915412634,31565.0,0.0,31565.0,31565.0,0,0,0,0,0,31565.0,31565.0,0.0,31565.0,31565.0,0,0,0,0,0,16,0.0,63.361317915412634,20.0,34.0,29.333333333333332,8.082903768654761,65.33333333333334,0,0,0,0,0,0,0,0,0.0,44.0,0.0,27.0,0,0,0,0,0,0,0,0,2,54,-1,-1,0,0,0,0,0,0,0,0,0,0,No Label
131.202.240.150-149.13.32.15-40273-13392-17,131.202.240.150,40273,149.13.32.15,13392,17,31/03/2015 02:16:42 PM,140443,1,3,698.0,456.0,698.0,698.0,698.0,0.0,434.0,11.0,152.0,244.2191638672117,8216.856660709325,28.481305583047924,46814.33333333333,81044.96698952584,140397.0,16.0,0,0,0,0,0,140443.0,70221.5,99265.77126331111,140413.0,30.0,0,0,0,0,8,24,7.120326395761981,21.360979187285942,11.0,698.0,317.6,299.9204894634576,89952.3,0,0,0,0,0,0,0,0,3.0,397.0,698.0,152.0,0,0,0,0,0,0,1,698,3,456,-1,-1,1,0,0,0,0,0,0,0,0,0,No Label
131.202.240.150-131.202.243.27-135-5088-6,131.202.243.27,5088,131.202.240.150,135,6,31/03/2015 02:15:16 PM,1024499,2,4,0.0,0.0,0.0,0.0,0.0,0.0,0.0,0.0,0.0,0.0,0.0,5.856521089820488,204899.8,280477.93270362646,514617.0,64.0,514687.0,514687.0,0.0,514687.0,514687.0,1024499.0,341499.6666666667,295702.365114541,514698.0,64.0,0,0,0,0,60,92,1.9521736966068293,3.9043473932136585,0.0,0.0,0.0,0.0,0.0,0,1,0,0,0,0,0,0,2.0,0.0,0.0,0.0,0,0,0,0,0,0,2,0,4,0,-1,0,0,0,0,0,0,0,0,0,0,0,No Label
131.202.240.150-157.56.52.14-40273-40029-17,131.202.240.150,40273,157.56.52.14,40029,17,31/03/2015 02:06:50 PM,89568,0,2,0.0,497.0,0,0,0,0,456.0,41.0,248.5,293.4493141924172,5548.856734548053,22.329403358342265,89568.0,0.0,89568.0,89568.0,0,0,0,0,0,89568.0,89568.0,0.0,89568.0,89568.0,0,0,0,0,0,16,0.0,22.329403358342265,41.0,456.0,179.33333333333334,239.6003617136947,57408.333333333336,0,0,0,0,0,0,0,0,0.0,269.0,0.0,248.5,0,0,0,0,0,0,0,0,2,497,-1,-1,0,0,0,0,0,0,0,0,0,0,No Label
131.202.240.150-173.194.123.111-51532-443-6,131.202.240.150,51532,173.194.123.111,443,6,31/03/2015 02:13:31 PM,25161,0,2,0.0,0.0,0,0,0,0,0.0,0.0,0.0,0.0,0.0,79.48809665752553,25161.0,0.0,25161.0,25161.0,0,0,0,0,0,25161.0,25161.0,0.0,25161.0,25161.0,0,0,0,0,0,64,0.0,79.48809665752553,0.0,0.0,0.0,0.0,0.0,1,0,0,0,1,0,0,0,0.0,0.0,0.0,0.0,0,0,0,0,0,0,0,0,2,0,-1,350,0,0,0,0,0,0,0,0,0,0,No Label
131.202.240.150-131.202.243.255-138-138-17,131.202.240.150,138,131.202.243.255,138,17,31/03/2015 02:12:16 PM,46058051,2,1,382.0,232.0,191.0,191.0,191.0,0.0,232.0,232.0,232.0,0.0,13.331002651414842,0.06513519210789011,2.30290255E7,2.9432017983305875E7,4.3840605E7,2217446.0,2217446.0,2217446.0,0.0,2217446.0,2217446.0,0,0,0,0,0,0,0,0,0,16,8,0.04342346140526007,0.021711730702630036,191.0,232.0,211.5,23.671361036774655,560.3333333333334,0,0,0,0,0,0,0,0,0.0,282.0,191.0,232.0,0,0,0,0,0,0,2,382,1,232,-1,-1,2,0,0,0,0,0,4.3840605E7,0.0,4.3840605E7,4.3840605E7,No Label
8.0.6.4-8.6.0.1-0-0-0,8.6.0.1,0,8.0.6.4,0,0,31/03/2015 02:14:34 PM,45999176,9,1,0.0,0.0,0.0,0.0,0.0,0.0,0.0,0.0,0.0,0.0,0.0,0.21739519855746983,5111019.555555556,7051643.933536848,1.8545874E7,23.0,4.5999137E7,5749892.125000001,7254733.132867918,1.8545874E7,23.0,0,0,0,0,0,0,0,0,0,0,0,0.19565567870172285,0.021739519855746983,0.0,0.0,0.0,0.0,0.0,0,0,0,0,0,0,0,0,0.0,0.0,0.0,0.0,0,0,0,0,0,0,9,0,1,0,-1,-1,0,0,109.66666666666666,127.62967262095964,257.0,33.0,1.3848542333333334E7,4343450.1986039085,1.8545874E7,9977751.0,No Label
131.202.240.150-131.202.240.86-40273-49624-17,131.202.240.86,49624,131.202.240.150,40273,17,31/03/2015 02:14:50 PM,59999409,3057,3056,266896.0,345403.0,148.0,3.0,87.30650964998351,7.512376360325461,159.0,3.0,113.02454188481718,16.978364583998697,10205.083853409289,101.88433689405174,9816.657231675426,3904.930742941215,18226.0,28.0,5.9978723E7,19626.545484293205,2254.841739445052,21237.0,30.0,5.9999409E7,19639.74108019641,2700.112687999524,27309.0,117.0,0,0,0,0,24456,24448,50.950501862443346,50.933835031608396,3.0,159.0,100.16715734380105,18.377011993280757,337.7145698011848,0,0,0,0,0,0,0,0,0.0,100.1835432684443,87.30650964998364,113.02454188481676,0,0,0,0,0,0,3057,266896,3056,345403,-1,-1,3057,0,0,0,0,0,0,0,0,0,No Label
131.202.240.150-216.58.219.206-33422-443-6,131.202.240.150,33422,216.58.219.206,443,6,31/03/2015 02:14:51 PM,59779892,1,5,0.0,63.0,0.0,0.0,0.0,0.0,63.0,0.0,12.6,28.17445651649735,1.053866072558311,0.10036819738650582,1.19559784E7,1.9551593906494956E7,4.5030495E7,55.0,0,0,0,0,0,5.9779892E7,1.4944973E7,2.123423722038609E7,4.5056044E7,55.0,0,0,0,0,32,160,0.01672803289775097,0.08364016448875486,0.0,63.0,9.0,23.811761799581316,567.0,0,0,0,0,1,0,0,0,5.0,10.5,0.0,12.6,0,0,0,0,0,0,1,0,5,63,-1,350,0,0,25528.0,29.698484809834994,25549.0,25507.0,2.98643905E7,2.1448110672267627E7,4.5030495E7,1.4698286E7,No Label
131.202.240.150-173.194.123.65-52675-443-6,131.202.240.150,52675,173.194.123.65,443,6,31/03/2015 02:14:51 PM,59734247,2,5,0.0,63.0,0.0,0.0,0.0,0.0,63.0,0.0,12.6,28.17445651649735,1.054671368001006,0.11718570755566735,9955707.833333334,1.8153148775648165E7,4.5029571E7,8.0,1.4678258E7,1.4678258E7,0.0,1.4678258E7,1.4678258E7,5.9734247E7,1.493356175E7,2.123348442516367E7,4.505452E7,86.0,0,0,0,0,64,160,0.03348163073019067,0.08370407682547668,0.0,63.0,7.875,22.273863607376246,496.125,0,0,0,0,1,0,0,0,2.0,9.0,0.0,12.6,0,0,0,0,0,0,2,0,5,63,-1,350,0,0,25679.5,1033.083007313546,26410.0,24949.0,2.9841401E7,2.147931600162817E7,4.5029571E7,1.4653231E7,No Label
131.202.240.150-157.55.56.157-48885-40008-6,131.202.240.150,48885,157.55.56.157,40008,6,31/03/2015 02:14:22 PM,59157317,4,5,886.0,892.0,884.0,0.0,221.5,441.6676729548285,884.0,0.0,178.4,394.44746164730225,30.055453664337076,0.15213671708607068,7394664.625,2.084443127389074E7,5.8981943E7,51.0,5.9111129E7,1.9703709666666664E7,3.401595290881761E7,5.8981943E7,46101.0,5.9157266E7,1.4789316500000002E7,2.951715891777166E7,5.9065043E7,166.0,0,1,0,0,128,160,0.06761631870492031,0.08452039838115039,0.0,884.0,266.20000000000005,426.3253322157726,181753.2888888889,0,0,0,1,1,0,0,0,1.0,295.77777777777777,221.5,178.4,0,0,0,0,0,0,4,886,5,892,-1,83,2,0,46188.0,0.0,46188.0,46188.0,5.8981943E7,0.0,5.8981943E7,5.8981943E7,No Label
131.202.240.150-157.56.53.45-48676-12350-6,131.202.240.150,48676,157.56.53.45,12350,6,31/03/2015 02:06:50 PM,32180121,5,7,304.0,415.0,299.0,0.0,60.8,133.17544818771964,294.0,0.0,59.28571428571428,106.92164465269929,22.342986218106514,0.37290102172083195,2925465.545454545,7249034.361457661,2.3822965E7,25.0,3.132582E7,7831455.000000001,1.116213052221116E7,2.3822965E7,86728.0,3.2180096E7,5363349.333333334,9512169.07829527,2.390968E7,59.0,0,1,0,0,160,224,0.15537542571701332,0.21752559600381863,0.0,299.0,77.92307692307692,125.87127123802684,15843.576923076922,0,0,0,1,1,0,0,0,1.0,84.41666666666667,60.8,59.285714285714285,0,0,0,0,0,0,5,304,7,415,-1,50,2,0,546767.0,434918.7536908474,854301.0,239233.0,1.54999295E7,1.1770549684212735E7,2.3822965E7,7176894.0,No Label
131.202.240.150-64.233.171.188-39508-5228-6,131.202.240.150,39508,64.233.171.188,5228,6,31/03/2015 02:14:57 PM,45055957,1,2,0.0,0.0,0.0,0.0,0.0,0.0,0.0,0.0,0.0,0.0,0.0,0.0665838703636902,2.25279785E7,3.180478125561477E7,4.5017355E7,38602.0,0,0,0,0,0,38602.0,38602.0,0.0,38602.0,38602.0,0,0,0,0,32,64,0.0221946234545634,0.0443892469091268,0.0,0.0,0.0,0.0,0.0,0,0,0,0,1,0,0,0,2.0,0.0,0.0,0.0,0,0,0,0,0,0,1,0,2,0,-1,366,0,0,38602.0,0.0,38602.0,38602.0,4.5017355E7,0.0,4.5017355E7,4.5017355E7,No Label
131.202.240.150-173.194.123.101-40869-443-6,131.202.240.150,40869,173.194.123.101,443,6,31/03/2015 02:15:31 PM,59752992,2,5,0.0,63.0,0.0,0.0,0.0,0.0,63.0,0.0,12.6,28.17445651649735,1.054340509007482,0.11714894544527578,9958832.0,1.8154326632382695E7,4.5030621E7,9.0,1.4697021E7,1.4697021E7,0.0,1.4697021E7,1.4697021E7,5.9752992E7,1.4938248E7,2.1235085048479572E7,4.5057532E7,92.0,0,0,0,0,64,160,0.033471127270078796,0.08367781817519698,0.0,63.0,7.875,22.273863607376246,496.125,0,0,0,0,1,0,0,0,2.0,9.0,0.0,12.6,0,0,0,0,0,0,2,0,5,63,-1,341,0,0,26126.0,1110.1576464628797,26911.0,25341.0,2.9850324E7,2.1468181898251608E7,4.5030621E7,1.4670027E7,No Label
131.202.240.150-134.170.19.108-33309-443-6,131.202.240.150,33309,134.170.19.108,443,6,31/03/2015 02:15:21 PM,36541,1,2,0.0,1082.0,0.0,0.0,0.0,0.0,597.0,485.0,541.0,79.19595949289332,29610.574423250597,82.09955939903124,18270.5,25719.594952098294,36457.0,84.0,0,0,0,0,0,36457.0,36457.0,0.0,36457.0,36457.0,0,1,0,0,32,64,27.36651979967708,54.73303959935416,0.0,597.0,391.75,266.4499640332746,70995.58333333333,0,0,0,1,1,0,0,0,2.0,522.3333333333334,0.0,541.0,0,0,0,0,0,0,1,0,2,1082,-1,63739,0,0,0,0,0,0,0,0,0,0,No Label
131.202.240.150-131.202.240.86-49876-49624-6,131.202.240.150,49876,131.202.240.86,49624,6,31/03/2015 02:15:04 PM,368111,1,3,0.0,4.0,0.0,0.0,0.0,0.0,2.0,0.0,1.3333333333333333,1.1547005383792515,10.86628761433372,10.86628761433372,122703.66666666666,107352.81841355324,199593.0,53.0,0,0,0,0,0,368058.0,184029.0,22010.81988477485,199593.0,168465.0,0,1,0,0,32,96,2.71657190358343,8.14971571075029,0.0,2.0,1.2,1.0954451150103321,1.1999999999999997,0,0,0,1,1,0,0,0,3.0,1.5,0.0,1.3333333333333333,0,0,0,0,0,0,1,0,3,4,-1,258,0,0,0,0,0,0,0,0,0,0,No Label
